0 0 0.04408073425292969
0 1 0.013393640518188477
0 2 0.01028585433959961
0 3 0.009831666946411133
0 4 0.009945154190063477
0 5 0.010213851928710938
0 6 0.009957313537597656
0 7 0.011027336120605469
0 8 0.010056495666503906
0 9 0.01133584976196289
0 10 0.009782552719116211
0 11 0.01077580451965332
0 12 0.009922504425048828
0 13 0.009839534759521484
0 14 0.009585857391357422
0 15 0.009864330291748047
0 16 0.009875059127807617
0 17 0.00969386100769043
0 18 0.009949207305908203
0 19 0.009911537170410156
0 20 0.010039091110229492
0 21 0.010037899017333984
0 22 0.011069297790527344
0 23 0.011070489883422852
0 24 0.010249614715576172
0 25 0.010212898254394531
0 26 0.010650634765625
0 27 0.010395050048828125
0 28 0.010378837585449219
0 29 0.010041236877441406
0 30 0.010112524032592773
0 31 0.010118246078491211
0 32 0.010014533996582031
0 33 0.009872674942016602
0 34 0.010014772415161133
0 35 0.0101470947265625
0 36 0.010686874389648438
0 37 0.010120630264282227
0 38 0.011440038681030273
0 39 0.00938558578491211
0 40 0.010275125503540039
0 41 0.009152889251708984
0 42 0.009618282318115234
0 43 0.008979082107543945
0 44 0.009665489196777344
0 45 0.00927424430847168
0 46 0.009891748428344727
0 47 0.009575843811035156
0 48 0.00924992561340332
0 49 0.009518861770629883
0 50 0.009680986404418945
0 51 0.009601593017578125
0 52 0.009722709655761719
0 53 0.009302377700805664
0 54 0.009829521179199219
0 55 0.010243654251098633
0 56 0.009565353393554688
0 57 0.009669780731201172
0 58 0.009628772735595703
0 59 0.009598970413208008
0 60 0.009797096252441406
0 61 0.009855270385742188
0 62 0.00906515121459961
0 63 0.009464740753173828
0 64 0.008996009826660156
0 65 0.009662628173828125
0 66 0.009610176086425781
0 67 0.009649991989135742
0 68 0.009699583053588867
0 69 0.009473800659179688
0 70 0.009620189666748047
0 71 0.009593009948730469
0 72 0.009117603302001953
0 73 0.009427309036254883
0 74 0.009114265441894531
0 75 0.009724140167236328
0 76 0.009844541549682617
0 77 0.010076522827148438
0 78 0.009593725204467773
0 79 0.00966787338256836
0 80 0.010164499282836914
0 81 0.009798526763916016
0 82 0.009745121002197266
0 83 0.00988006591796875
0 84 0.010237932205200195
0 85 0.009943008422851562
0 86 0.010408163070678711
0 87 0.009731769561767578
0 88 0.01014566421508789
0 89 0.010055780410766602
0 90 0.00988316535949707
0 91 0.009792089462280273
0 92 0.009949445724487305
0 93 0.009798526763916016
0 94 0.009754419326782227
0 95 0.009730339050292969
0 96 0.009503841400146484
0 97 0.010534286499023438
0 98 0.009731531143188477
0 99 0.009870052337646484
0 100 0.009803295135498047
0 101 0.009596109390258789
0 102 0.009475469589233398
0 103 0.009577035903930664
0 104 0.009514331817626953
0 105 0.00996088981628418
0 106 0.009631633758544922
0 107 0.009684562683105469
0 108 0.00960230827331543
0 109 0.009108543395996094
0 110 0.01063847541809082
0 111 0.009741783142089844
0 112 0.010023832321166992
0 113 0.010298728942871094
0 114 0.009226560592651367
0 115 0.009507417678833008
0 116 0.009398460388183594
0 117 0.009375333786010742
0 118 0.010547637939453125
0 119 0.009160518646240234
0 120 0.009934663772583008
0 121 0.009845972061157227
0 122 0.009181022644042969
0 123 0.009473800659179688
0 124 0.00921320915222168
0 125 0.009479761123657227
0 126 0.009816646575927734
0 127 0.0098114013671875
0 128 0.009900093078613281
0 129 0.009759902954101562
0 130 0.009307384490966797
0 131 0.009408950805664062
0 132 0.009449481964111328
0 133 0.009246826171875
0 134 0.009714603424072266
0 135 0.009247303009033203
0 136 0.00926351547241211
0 137 0.009684562683105469
0 138 0.00982522964477539
0 139 0.009790420532226562
0 140 0.00949549674987793
0 141 0.009783744812011719
0 142 0.010348320007324219
0 143 0.009451627731323242
0 144 0.00955343246459961
0 145 0.009871721267700195
0 146 0.00932002067565918
0 147 0.009863615036010742
0 148 0.0102996826171875
0 149 0.009562969207763672
0 150 0.009824037551879883
0 151 0.009415149688720703
0 152 0.009705543518066406
0 153 0.009949922561645508
0 154 0.009747982025146484
0 155 0.009948015213012695
0 156 0.00949406623840332
0 157 0.009425163269042969
0 158 0.009744644165039062
0 159 0.009540557861328125
0 160 0.009795427322387695
0 161 0.009581804275512695
0 162 0.009645223617553711
0 163 0.009724855422973633
0 164 0.009168624877929688
0 165 0.009713411331176758
0 166 0.00998830795288086
0 167 0.009462833404541016
0 168 0.009894371032714844
0 169 0.009919166564941406
0 170 0.009594440460205078
0 171 0.01036524772644043
0 172 0.009672880172729492
0 173 0.009847879409790039
0 174 0.009901762008666992
0 175 0.009593963623046875
0 176 0.010017156600952148
0 177 0.009311676025390625
0 178 0.009499073028564453
0 179 0.009850502014160156
0 180 0.009890079498291016
0 181 0.009521245956420898
0 182 0.009276628494262695
0 183 0.009563684463500977
0 184 0.00976252555847168
0 185 0.009269237518310547
0 186 0.009345293045043945
0 187 0.009735107421875
0 188 0.009082555770874023
0 189 0.009921789169311523
0 190 0.00965571403503418
0 191 0.009487152099609375
0 192 0.009793758392333984
0 193 0.009565591812133789
0 194 0.00938558578491211
0 195 0.00988912582397461
0 196 0.009476661682128906
0 197 0.009747743606567383
0 198 0.009317874908447266
0 199 0.009641885757446289
0 200 0.010510921478271484
0 201 0.009606361389160156
0 202 0.009890556335449219
0 203 0.00980377197265625
0 204 0.009078264236450195
0 205 0.010107994079589844
0 206 0.009693384170532227
0 207 0.009679317474365234
0 208 0.009805917739868164
0 209 0.009786128997802734
0 210 0.009496212005615234
0 211 0.009876012802124023
0 212 0.009601116180419922
0 213 0.010040998458862305
0 214 0.009451150894165039
0 215 0.009482622146606445
0 216 0.009683609008789062
0 217 0.009107589721679688
0 218 0.009702205657958984
0 219 0.009305953979492188
0 220 0.010009288787841797
0 221 0.00972890853881836
0 222 0.009574651718139648
0 223 0.010015249252319336
0 224 0.009492874145507812
0 225 0.009817838668823242
0 226 0.009694337844848633
0 227 0.00951242446899414
0 228 0.00928950309753418
0 229 0.010228872299194336
0 230 0.009460926055908203
0 231 0.00986480712890625
0 232 0.009842395782470703
0 233 0.009613275527954102
0 234 0.009911060333251953
0 235 0.009615182876586914
0 236 0.009582996368408203
0 237 0.009818792343139648
0 238 0.009548425674438477
0 239 0.009319543838500977
0 240 0.00959920883178711
0 241 0.009747982025146484
0 242 0.00980687141418457
0 243 0.00915980339050293
0 244 0.009910821914672852
0 245 0.011095285415649414
0 246 0.009054422378540039
0 247 0.00927281379699707
0 248 0.00945138931274414
0 249 0.009272098541259766
0 250 0.009679794311523438
0 251 0.009628772735595703
0 252 0.009631633758544922
0 253 0.009792804718017578
0 254 0.009404420852661133
0 255 0.009676456451416016
0 256 0.009981870651245117
0 257 0.009333610534667969
0 258 0.010404825210571289
0 259 0.010353326797485352
0 260 0.00951528549194336
0 261 0.01004481315612793
0 262 0.009493827819824219
0 263 0.010083675384521484
0 264 0.009469985961914062
0 265 0.01061701774597168
0 266 0.010284423828125
0 267 0.009456157684326172
0 268 0.009256839752197266
0 269 0.009709596633911133
0 270 0.009821176528930664
0 271 0.00984501838684082
0 272 0.00966024398803711
0 273 0.00956106185913086
0 274 0.009734869003295898
0 275 0.009361743927001953
0 276 0.009883642196655273
0 277 0.009457588195800781
0 278 0.009468793869018555
0 279 0.009798049926757812
0 280 0.010200738906860352
0 281 0.009529829025268555
0 282 0.009867191314697266
0 283 0.009316205978393555
0 284 0.009842395782470703
0 285 0.009265661239624023
0 286 0.009523391723632812
0 287 0.010349273681640625
0 288 0.009240865707397461
0 289 0.00937032699584961
0 290 0.01022958755493164
0 291 0.009770631790161133
0 292 0.009854793548583984
0 293 0.009755134582519531
0 294 0.01069951057434082
0 295 0.009887218475341797
0 296 0.00974583625793457
0 297 0.009189605712890625
0 298 0.009855985641479492
0 299 0.009674072265625
0 300 0.012726545333862305
0 301 0.010678529739379883
0 302 0.010510921478271484
0 303 0.010278463363647461
0 304 0.010039806365966797
0 305 0.010016202926635742
0 306 0.009801864624023438
0 307 0.0097808837890625
0 308 0.010599374771118164
0 309 0.009725570678710938
0 310 0.00997614860534668
0 311 0.010399818420410156
0 312 0.009958267211914062
0 313 0.00993657112121582
0 314 0.009693622589111328
0 315 0.009860992431640625
0 316 0.010863780975341797
0 317 0.01003122329711914
0 318 0.010138988494873047
0 319 0.01030278205871582
0 320 0.010271310806274414
0 321 0.010581731796264648
0 322 0.010846614837646484
0 323 0.009831905364990234
0 324 0.010378599166870117
0 325 0.009920358657836914
0 326 0.010035276412963867
0 327 0.010268449783325195
0 328 0.009822368621826172
0 329 0.010404825210571289
0 330 0.009793281555175781
0 331 0.00988626480102539
0 332 0.010773181915283203
0 333 0.010349273681640625
0 334 0.010015726089477539
0 335 0.009918689727783203
0 336 0.009598970413208008
0 337 0.010045289993286133
0 338 0.009665727615356445
0 339 0.009918689727783203
0 340 0.010080575942993164
0 341 0.00946807861328125
0 342 0.009912252426147461
0 343 0.009521245956420898
0 344 0.009626626968383789
0 345 0.011194229125976562
0 346 0.009800434112548828
0 347 0.009829282760620117
0 348 0.009961843490600586
0 349 0.009630441665649414
0 350 0.010080099105834961
0 351 0.010031461715698242
0 352 0.009676456451416016
0 353 0.010378122329711914
0 354 0.00978398323059082
0 355 0.009830236434936523
0 356 0.00994563102722168
0 357 0.009509801864624023
0 358 0.010022401809692383
0 359 0.009668111801147461
0 360 0.009893417358398438
0 361 0.010102510452270508
0 362 0.009691476821899414
0 363 0.009946346282958984
0 364 0.010017633438110352
0 365 0.00989532470703125
0 366 0.010793685913085938
0 367 0.009685039520263672
0 368 0.009556293487548828
0 369 0.0100250244140625
0 370 0.009652137756347656
0 371 0.010019302368164062
0 372 0.009716987609863281
0 373 0.009644269943237305
0 374 0.01052093505859375
0 375 0.01016378402709961
0 376 0.010048389434814453
0 377 0.009986162185668945
0 378 0.009793996810913086
0 379 0.01012730598449707
0 380 0.010039567947387695
0 381 0.009943008422851562
0 382 0.01019740104675293
0 383 0.010731935501098633
0 384 0.010195493698120117
0 385 0.010172605514526367
0 386 0.010809183120727539
0 387 0.010331153869628906
0 388 0.01007080078125
0 389 0.01028299331665039
0 390 0.010554313659667969
0 391 0.009757518768310547
0 392 0.010346412658691406
0 393 0.009680032730102539
0 394 0.009735822677612305
0 395 0.010040283203125
0 396 0.009927034378051758
0 397 0.009473085403442383
0 398 0.009984016418457031
0 399 0.009499311447143555
0 400 0.009906530380249023
0 401 0.009744882583618164
0 402 0.009581804275512695
0 403 0.010077238082885742
0 404 0.009678840637207031
0 405 0.00980687141418457
0 406 0.00952911376953125
0 407 0.009613037109375
0 408 0.009636878967285156
0 409 0.009154319763183594
0 410 0.009362936019897461
0 411 0.0098114013671875
0 412 0.010329961776733398
0 413 0.010497570037841797
0 414 0.009936809539794922
0 415 0.00926828384399414
0 416 0.010233163833618164
0 417 0.00908350944519043
0 418 0.01004171371459961
0 419 0.009944677352905273
0 420 0.010104894638061523
0 421 0.00998830795288086
0 422 0.009951353073120117
0 423 0.010689735412597656
0 424 0.010232686996459961
0 425 0.009601354598999023
0 426 0.010162591934204102
0 427 0.010098934173583984
0 428 0.01036691665649414
0 429 0.010161638259887695
0 430 0.009605884552001953
0 431 0.009539604187011719
0 432 0.010265350341796875
0 433 0.009465694427490234
0 434 0.009982109069824219
0 435 0.009888648986816406
0 436 0.010091543197631836
0 437 0.009989500045776367
0 438 0.010146141052246094
0 439 0.010754108428955078
0 440 0.010023355484008789
0 441 0.009611845016479492
0 442 0.009537935256958008
0 443 0.010229110717773438
0 444 0.009962320327758789
0 445 0.009963512420654297
0 446 0.009586572647094727
0 447 0.00957942008972168
0 448 0.01015162467956543
0 449 0.00950002670288086
0 450 0.009555816650390625
0 451 0.009521245956420898
0 452 0.009634733200073242
0 453 0.009994983673095703
0 454 0.009646415710449219
0 455 0.010079622268676758
0 456 0.00996255874633789
0 457 0.0101776123046875
0 458 0.009849071502685547
0 459 0.009719133377075195
0 460 0.009538888931274414
0 461 0.010401725769042969
0 462 0.010682106018066406
0 463 0.009734153747558594
0 464 0.009979963302612305
0 465 0.010001420974731445
0 466 0.009944438934326172
0 467 0.009458780288696289
0 468 0.009738445281982422
0 469 0.009960412979125977
0 470 0.009707927703857422
0 471 0.009610652923583984
0 472 0.010486841201782227
0 473 0.009903907775878906
0 474 0.01003575325012207
0 475 0.009482383728027344
0 476 0.009609222412109375
0 477 0.010054588317871094
0 478 0.009736061096191406
0 479 0.009676218032836914
0 480 0.00974893569946289
0 481 0.010345697402954102
0 482 0.010075807571411133
0 483 0.009612560272216797
0 484 0.010063409805297852
0 485 0.010124683380126953
0 486 0.009770870208740234
0 487 0.01004648208618164
0 488 0.009647130966186523
0 489 0.009633541107177734
0 490 0.010352373123168945
0 491 0.009570598602294922
0 492 0.009738683700561523
0 493 0.00969076156616211
0 494 0.00992131233215332
0 495 0.010261058807373047
0 496 0.010678529739379883
0 497 0.009735345840454102
0 498 0.009931564331054688
0 499 0.009734630584716797
0 500 0.009585142135620117
0 501 0.010081768035888672
0 502 0.009810447692871094
0 503 0.010236740112304688
0 504 0.009701728820800781
0 505 0.009552955627441406
0 506 0.010227203369140625
0 507 0.009843826293945312
0 508 0.009764909744262695
0 509 0.009552717208862305
0 510 0.00960993766784668
0 511 0.01002359390258789
0 512 0.009376764297485352
0 513 0.009624719619750977
0 514 0.009914159774780273
0 515 0.011055469512939453
0 516 0.009660482406616211
0 517 0.009956598281860352
0 518 0.009499788284301758
0 519 0.010509252548217773
0 520 0.009602785110473633
0 521 0.009722471237182617
0 522 0.010130167007446289
0 523 0.009584665298461914
0 524 0.010075807571411133
0 525 0.009635686874389648
0 526 0.009596586227416992
0 527 0.010030031204223633
0 528 0.009664773941040039
0 529 0.009952068328857422
0 530 0.009896993637084961
0 531 0.00984048843383789
0 532 0.010143041610717773
0 533 0.009933948516845703
0 534 0.009516716003417969
0 535 0.00989842414855957
0 536 0.009600639343261719
0 537 0.009918928146362305
0 538 0.01010751724243164
0 539 0.00970911979675293
0 540 0.010014772415161133
0 541 0.00958871841430664
0 542 0.009581565856933594
0 543 0.009986639022827148
0 544 0.009572267532348633
0 545 0.009958267211914062
0 546 0.009637832641601562
0 547 0.00970911979675293
0 548 0.010663032531738281
0 549 0.009546279907226562
0 550 0.00969839096069336
0 551 0.009341239929199219
0 552 0.009866714477539062
0 553 0.009912729263305664
0 554 0.00970602035522461
0 555 0.009653806686401367
0 556 0.010209083557128906
0 557 0.009460687637329102
0 558 0.009791135787963867
0 559 0.010118722915649414
0 560 0.010256290435791016
0 561 0.010329246520996094
0 562 0.009807109832763672
0 563 0.00945138931274414
0 564 0.010020971298217773
0 565 0.009981632232666016
0 566 0.010196208953857422
0 567 0.010027647018432617
0 568 0.010089397430419922
0 569 0.009991168975830078
0 570 0.0099945068359375
0 571 0.009911537170410156
0 572 0.010252952575683594
0 573 0.01030421257019043
0 574 0.00965261459350586
0 575 0.010316610336303711
0 576 0.009825706481933594
0 577 0.010381221771240234
0 578 0.00998544692993164
0 579 0.009630203247070312
0 580 0.009966850280761719
0 581 0.009674072265625
0 582 0.010266304016113281
0 583 0.009791851043701172
0 584 0.010907649993896484
0 585 0.010750532150268555
0 586 0.009685754776000977
0 587 0.009625434875488281
0 588 0.009794950485229492
0 589 0.00955820083618164
0 590 0.010343551635742188
0 591 0.00980997085571289
0 592 0.01022791862487793
0 593 0.010051727294921875
0 594 0.009838581085205078
0 595 0.009523153305053711
0 596 0.010232686996459961
0 597 0.009801626205444336
0 598 0.009851694107055664
