0 0 0.04815053939819336
0 1 0.016093969345092773
0 2 0.011843442916870117
0 3 0.010661840438842773
0 4 0.010489940643310547
0 5 0.01049041748046875
0 6 0.010648012161254883
0 7 0.010725736618041992
0 8 0.010690450668334961
0 9 0.010618925094604492
0 10 0.010522842407226562
0 11 0.010744094848632812
0 12 0.010133028030395508
0 13 0.010955333709716797
0 14 0.0108184814453125
0 15 0.010854244232177734
0 16 0.010539531707763672
0 17 0.010228395462036133
0 18 0.009890317916870117
0 19 0.009724140167236328
0 20 0.010002374649047852
0 21 0.00974130630493164
0 22 0.00983428955078125
0 23 0.010601282119750977
0 24 0.010580301284790039
0 25 0.01066899299621582
0 26 0.011029958724975586
0 27 0.01063227653503418
0 28 0.011309623718261719
0 29 0.010454416275024414
0 30 0.010903120040893555
0 31 0.010934114456176758
0 32 0.011173009872436523
0 33 0.01045989990234375
0 34 0.01043701171875
0 35 0.010376930236816406
0 36 0.011326074600219727
0 37 0.01043081283569336
0 38 0.010567426681518555
0 39 0.010613441467285156
0 40 0.011491060256958008
0 41 0.010655641555786133
0 42 0.009789466857910156
0 43 0.009799718856811523
0 44 0.01059103012084961
0 45 0.01098942756652832
0 46 0.010025739669799805
0 47 0.010200977325439453
0 48 0.009856939315795898
0 49 0.010035991668701172
0 50 0.009955406188964844
0 51 0.010413885116577148
0 52 0.010159969329833984
0 53 0.010049581527709961
0 54 0.010298967361450195
0 55 0.010293960571289062
0 56 0.010149955749511719
0 57 0.010235309600830078
0 58 0.009909391403198242
0 59 0.010093927383422852
0 60 0.009619712829589844
0 61 0.009769678115844727
0 62 0.010805606842041016
0 63 0.009369134902954102
0 64 0.010961771011352539
0 65 0.010253190994262695
0 66 0.009870290756225586
0 67 0.009845256805419922
0 68 0.009426593780517578
0 69 0.009791135787963867
0 70 0.01004338264465332
0 71 0.009668827056884766
0 72 0.010185003280639648
0 73 0.010095596313476562
0 74 0.010930538177490234
0 75 0.010071754455566406
0 76 0.009944915771484375
0 77 0.009871244430541992
0 78 0.010279655456542969
0 79 0.010041236877441406
0 80 0.010428428649902344
0 81 0.01034235954284668
0 82 0.009705305099487305
0 83 0.010481595993041992
0 84 0.010513782501220703
0 85 0.011097431182861328
0 86 0.010305166244506836
0 87 0.00975656509399414
0 88 0.010266542434692383
0 89 0.010380268096923828
0 90 0.010452508926391602
0 91 0.010172367095947266
0 92 0.010041236877441406
0 93 0.010184049606323242
0 94 0.010853290557861328
0 95 0.010078668594360352
0 96 0.010095596313476562
0 97 0.010128974914550781
0 98 0.010114669799804688
0 99 0.010709047317504883
0 100 0.010226964950561523
0 101 0.010173797607421875
0 102 0.010265827178955078
0 103 0.010014772415161133
0 104 0.010044097900390625
0 105 0.01002049446105957
0 106 0.010110616683959961
0 107 0.010810375213623047
0 108 0.010054349899291992
0 109 0.009799003601074219
0 110 0.010324716567993164
0 111 0.010465621948242188
0 112 0.010141134262084961
0 113 0.010396957397460938
0 114 0.010657787322998047
0 115 0.010236740112304688
0 116 0.010955810546875
0 117 0.010194063186645508
0 118 0.013527631759643555
0 119 0.010053396224975586
0 120 0.010406732559204102
0 121 0.009459257125854492
0 122 0.009746551513671875
0 123 0.010040283203125
0 124 0.00967550277709961
0 125 0.01027679443359375
0 126 0.009547710418701172
0 127 0.009676456451416016
0 128 0.010126590728759766
0 129 0.010036230087280273
0 130 0.010132551193237305
0 131 0.010304689407348633
0 132 0.01013636589050293
0 133 0.0101318359375
0 134 0.009707450866699219
0 135 0.010442972183227539
0 136 0.010215520858764648
0 137 0.00957942008972168
0 138 0.010080575942993164
0 139 0.010096311569213867
0 140 0.010396480560302734
0 141 0.01026773452758789
0 142 0.010132551193237305
0 143 0.009968042373657227
0 144 0.010179996490478516
0 145 0.009652376174926758
0 146 0.009922027587890625
0 147 0.01013946533203125
0 148 0.009776592254638672
0 149 0.010006904602050781
0 150 0.010208845138549805
0 151 0.009909868240356445
0 152 0.010817527770996094
0 153 0.01014399528503418
0 154 0.009829282760620117
0 155 0.010183572769165039
0 156 0.009848594665527344
0 157 0.010890483856201172
0 158 0.009679555892944336
0 159 0.009629249572753906
0 160 0.009990692138671875
0 161 0.009721755981445312
0 162 0.010773658752441406
0 163 0.009444952011108398
0 164 0.00924539566040039
0 165 0.010097503662109375
0 166 0.009500265121459961
0 167 0.009832620620727539
0 168 0.01014852523803711
0 169 0.00985264778137207
0 170 0.009927511215209961
0 171 0.010555505752563477
0 172 0.009861469268798828
0 173 0.010403156280517578
0 174 0.009968042373657227
0 175 0.009819507598876953
0 176 0.0105133056640625
0 177 0.009510517120361328
0 178 0.010458946228027344
0 179 0.010007143020629883
0 180 0.010342836380004883
0 181 0.009971857070922852
0 182 0.00991201400756836
0 183 0.009600639343261719
0 184 0.009924650192260742
0 185 0.009940624237060547
0 186 0.009944438934326172
0 187 0.009711027145385742
0 188 0.01012277603149414
0 189 0.01032257080078125
0 190 0.010221481323242188
0 191 0.010074138641357422
0 192 0.01077127456665039
0 193 0.009981632232666016
0 194 0.010382652282714844
0 195 0.00969243049621582
0 196 0.009848833084106445
0 197 0.009811162948608398
0 198 0.0093536376953125
0 199 0.009814262390136719
0 200 0.009372472763061523
0 201 0.009590387344360352
0 202 0.009908437728881836
0 203 0.009427547454833984
0 204 0.009797811508178711
0 205 0.009725809097290039
0 206 0.009621143341064453
0 207 0.009957551956176758
0 208 0.009997844696044922
0 209 0.009607553482055664
0 210 0.012585639953613281
0 211 0.011113643646240234
0 212 0.010186910629272461
0 213 0.00998234748840332
0 214 0.009600400924682617
0 215 0.01013040542602539
0 216 0.009650230407714844
0 217 0.009846210479736328
0 218 0.010100841522216797
0 219 0.009919404983520508
0 220 0.009486675262451172
0 221 0.009553194046020508
0 222 0.009598493576049805
0 223 0.010230302810668945
0 224 0.009515762329101562
0 225 0.009532451629638672
0 226 0.010613679885864258
0 227 0.009979248046875
0 228 0.010103225708007812
0 229 0.009932756423950195
0 230 0.01055908203125
0 231 0.01001286506652832
0 232 0.010023355484008789
0 233 0.010172367095947266
0 234 0.009963274002075195
0 235 0.009551525115966797
0 236 0.010043859481811523
0 237 0.01088404655456543
0 238 0.009863853454589844
0 239 0.009927034378051758
0 240 0.009770870208740234
0 241 0.009575128555297852
0 242 0.009396076202392578
0 243 0.009569883346557617
0 244 0.010075807571411133
0 245 0.010528564453125
0 246 0.009644269943237305
0 247 0.010089874267578125
0 248 0.009582996368408203
0 249 0.009890079498291016
0 250 0.009946107864379883
0 251 0.009652376174926758
0 252 0.009907245635986328
0 253 0.009716510772705078
0 254 0.009577035903930664
0 255 0.010078191757202148
0 256 0.009595870971679688
0 257 0.010376214981079102
0 258 0.009976863861083984
0 259 0.009552240371704102
0 260 0.010145425796508789
0 261 0.010042428970336914
0 262 0.010602235794067383
0 263 0.010186910629272461
0 264 0.009441375732421875
0 265 0.010102272033691406
0 266 0.01042628288269043
0 267 0.00988459587097168
0 268 0.010173797607421875
0 269 0.009918689727783203
0 270 0.009738683700561523
0 271 0.010294914245605469
0 272 0.00971674919128418
0 273 0.010352373123168945
0 274 0.009916305541992188
0 275 0.010044097900390625
0 276 0.010951757431030273
0 277 0.009601354598999023
0 278 0.01020956039428711
0 279 0.009954690933227539
0 280 0.009951591491699219
0 281 0.010107755661010742
0 282 0.010123491287231445
0 283 0.009440422058105469
0 284 0.010705709457397461
0 285 0.010477066040039062
0 286 0.010094165802001953
0 287 0.011498212814331055
0 288 0.010672330856323242
0 289 0.010750532150268555
0 290 0.010590553283691406
0 291 0.009994745254516602
0 292 0.00994563102722168
0 293 0.010103940963745117
0 294 0.010118722915649414
0 295 0.00974416732788086
0 296 0.009847164154052734
0 297 0.010443925857543945
0 298 0.010177373886108398
0 299 0.010363101959228516
0 300 0.009208917617797852
0 301 0.009875774383544922
0 302 0.010147571563720703
0 303 0.009808778762817383
0 304 0.009848833084106445
0 305 0.010089635848999023
0 306 0.009749889373779297
0 307 0.010071516036987305
0 308 0.010017871856689453
0 309 0.009846687316894531
0 310 0.010378122329711914
0 311 0.009799003601074219
0 312 0.009663581848144531
0 313 0.010118484497070312
0 314 0.009761333465576172
0 315 0.010207414627075195
0 316 0.010528326034545898
0 317 0.010093450546264648
0 318 0.010037660598754883
0 319 0.009955883026123047
0 320 0.010194778442382812
0 321 0.010329008102416992
0 322 0.010000228881835938
0 323 0.010207176208496094
0 324 0.009681940078735352
0 325 0.009943485260009766
0 326 0.010706186294555664
0 327 0.010024070739746094
0 328 0.010826349258422852
0 329 0.010228157043457031
0 330 0.009909629821777344
0 331 0.010239839553833008
0 332 0.009703397750854492
0 333 0.010164260864257812
0 334 0.009999275207519531
0 335 0.009541034698486328
0 336 0.010267972946166992
0 337 0.010118484497070312
0 338 0.009770870208740234
0 339 0.010162115097045898
0 340 0.009678363800048828
0 341 0.009795427322387695
0 342 0.010012388229370117
0 343 0.00984644889831543
0 344 0.010062456130981445
0 345 0.009616613388061523
0 346 0.009949922561645508
0 347 0.010073423385620117
0 348 0.009963750839233398
0 349 0.009799957275390625
0 350 0.010188579559326172
0 351 0.00980377197265625
0 352 0.010289192199707031
0 353 0.010772705078125
0 354 0.009636163711547852
0 355 0.010166645050048828
0 356 0.010020732879638672
0 357 0.01010751724243164
0 358 0.011142730712890625
0 359 0.009785175323486328
0 360 0.01014089584350586
0 361 0.00986623764038086
0 362 0.009718179702758789
0 363 0.010550498962402344
0 364 0.010762691497802734
0 365 0.010089874267578125
0 366 0.009634971618652344
0 367 0.009770631790161133
0 368 0.010468006134033203
0 369 0.011120319366455078
0 370 0.009683847427368164
0 371 0.010009050369262695
0 372 0.009942054748535156
0 373 0.01020193099975586
0 374 0.010591268539428711
0 375 0.009890079498291016
0 376 0.010217905044555664
0 377 0.00958251953125
0 378 0.009881019592285156
0 379 0.010046958923339844
0 380 0.009602069854736328
0 381 0.010196208953857422
0 382 0.009964227676391602
0 383 0.010206937789916992
0 384 0.010109663009643555
0 385 0.009858131408691406
0 386 0.009813070297241211
0 387 0.009662151336669922
0 388 0.009563446044921875
0 389 0.010141611099243164
0 390 0.009582996368408203
0 391 0.009983062744140625
0 392 0.010035037994384766
0 393 0.009989261627197266
0 394 0.009613275527954102
0 395 0.009931087493896484
0 396 0.009982585906982422
0 397 0.009900569915771484
0 398 0.009842872619628906
0 399 0.010584115982055664
0 400 0.010588884353637695
0 401 0.009688138961791992
0 402 0.009835004806518555
0 403 0.011327743530273438
0 404 0.009736299514770508
0 405 0.01002812385559082
0 406 0.010409355163574219
0 407 0.009750604629516602
0 408 0.010045766830444336
0 409 0.010491609573364258
0 410 0.010321378707885742
0 411 0.010238885879516602
0 412 0.010274171829223633
0 413 0.01019906997680664
0 414 0.009882688522338867
0 415 0.010294198989868164
0 416 0.010030984878540039
0 417 0.01045370101928711
0 418 0.010173797607421875
0 419 0.0098724365234375
0 420 0.009876012802124023
0 421 0.010076761245727539
0 422 0.009750604629516602
0 423 0.009824991226196289
0 424 0.010718345642089844
0 425 0.009860515594482422
0 426 0.010169267654418945
0 427 0.010118961334228516
0 428 0.009943246841430664
0 429 0.010144233703613281
0 430 0.009836196899414062
0 431 0.01016545295715332
0 432 0.010499715805053711
0 433 0.010040283203125
0 434 0.010256052017211914
0 435 0.00971531867980957
0 436 0.010143280029296875
0 437 0.010294675827026367
0 438 0.009773015975952148
0 439 0.010075569152832031
0 440 0.010333061218261719
0 441 0.010877609252929688
0 442 0.010237455368041992
0 443 0.009701967239379883
0 444 0.009760856628417969
0 445 0.010601282119750977
0 446 0.009989023208618164
0 447 0.010494232177734375
0 448 0.010812997817993164
0 449 0.010091304779052734
0 450 0.01020669937133789
0 451 0.00985574722290039
0 452 0.01000213623046875
0 453 0.010340213775634766
0 454 0.009895563125610352
0 455 0.01025247573852539
0 456 0.009737491607666016
0 457 0.009813547134399414
0 458 0.00989985466003418
0 459 0.009991645812988281
0 460 0.010097026824951172
0 461 0.010173320770263672
0 462 0.009790182113647461
0 463 0.010107994079589844
0 464 0.009813547134399414
0 465 0.01098179817199707
0 466 0.010053396224975586
0 467 0.010913610458374023
0 468 0.010149717330932617
0 469 0.009801387786865234
0 470 0.009943962097167969
0 471 0.010256528854370117
0 472 0.009918451309204102
0 473 0.010416030883789062
0 474 0.009933948516845703
0 475 0.01022195816040039
0 476 0.011115074157714844
0 477 0.009788274765014648
0 478 0.010187387466430664
0 479 0.010329246520996094
0 480 0.010255813598632812
0 481 0.010436296463012695
0 482 0.010352373123168945
0 483 0.010071992874145508
0 484 0.010097503662109375
0 485 0.009943008422851562
0 486 0.010258674621582031
0 487 0.010295867919921875
0 488 0.010388851165771484
0 489 0.010827302932739258
0 490 0.010723590850830078
0 491 0.010228395462036133
0 492 0.010454177856445312
0 493 0.010302305221557617
0 494 0.009774446487426758
0 495 0.01049184799194336
0 496 0.00993204116821289
0 497 0.01051640510559082
0 498 0.01068425178527832
0 499 0.01101541519165039
0 500 0.010469198226928711
0 501 0.010127782821655273
0 502 0.010307073593139648
0 503 0.010341405868530273
0 504 0.010546445846557617
0 505 0.012301206588745117
0 506 0.009618997573852539
0 507 0.010234355926513672
0 508 0.010047674179077148
0 509 0.009938240051269531
0 510 0.010661840438842773
0 511 0.01026773452758789
0 512 0.009908199310302734
0 513 0.010227680206298828
0 514 0.00998067855834961
0 515 0.009967565536499023
0 516 0.009834051132202148
0 517 0.010486841201782227
0 518 0.009993791580200195
0 519 0.010718107223510742
0 520 0.009843826293945312
0 521 0.010416984558105469
0 522 0.009708881378173828
0 523 0.010020971298217773
0 524 0.010478496551513672
0 525 0.009769439697265625
0 526 0.010215044021606445
0 527 0.00954127311706543
0 528 0.009921550750732422
0 529 0.010808944702148438
0 530 0.00997614860534668
0 531 0.010050535202026367
0 532 0.010069847106933594
0 533 0.010120868682861328
0 534 0.010850191116333008
0 535 0.009980440139770508
0 536 0.009856700897216797
0 537 0.0101776123046875
0 538 0.009676218032836914
0 539 0.00971078872680664
0 540 0.010582923889160156
0 541 0.00983572006225586
0 542 0.01116490364074707
0 543 0.01018381118774414
0 544 0.009788036346435547
0 545 0.010185956954956055
0 546 0.010458707809448242
0 547 0.010225534439086914
0 548 0.01003408432006836
0 549 0.009697914123535156
0 550 0.00988006591796875
0 551 0.009648323059082031
0 552 0.010532379150390625
0 553 0.01033782958984375
0 554 0.009792566299438477
0 555 0.010071516036987305
0 556 0.010085821151733398
0 557 0.010034799575805664
0 558 0.010037660598754883
0 559 0.00949549674987793
0 560 0.009607315063476562
0 561 0.010050773620605469
0 562 0.00984811782836914
0 563 0.010684967041015625
0 564 0.009992122650146484
0 565 0.00996708869934082
0 566 0.009996891021728516
0 567 0.009680747985839844
0 568 0.009568452835083008
0 569 0.010175466537475586
0 570 0.010035991668701172
0 571 0.010048627853393555
0 572 0.009630441665649414
0 573 0.009974479675292969
0 574 0.01092839241027832
0 575 0.009967565536499023
0 576 0.010072946548461914
0 577 0.010715246200561523
0 578 0.009680747985839844
0 579 0.010066747665405273
0 580 0.009641885757446289
0 581 0.009628057479858398
0 582 0.009847879409790039
0 583 0.010142326354980469
0 584 0.009930610656738281
0 585 0.00972127914428711
0 586 0.009489297866821289
0 587 0.010278701782226562
0 588 0.010009765625
0 589 0.009978294372558594
0 590 0.010708332061767578
0 591 0.009750604629516602
0 592 0.011112689971923828
0 593 0.009542703628540039
0 594 0.00989532470703125
0 595 0.010401725769042969
0 596 0.009491443634033203
0 597 0.009571313858032227
0 598 0.01008152961730957
