0 0 0.06993532180786133
0 1 0.042888641357421875
0 2 0.01396322250366211
0 3 0.010673761367797852
0 4 0.010175228118896484
0 5 0.010282039642333984
0 6 0.010410785675048828
0 7 0.010485410690307617
0 8 0.010271787643432617
0 9 0.010420799255371094
0 10 0.010220050811767578
0 11 0.009583473205566406
0 12 0.009993791580200195
0 13 0.009226560592651367
0 14 0.009542465209960938
0 15 0.00927281379699707
0 16 0.009573698043823242
0 17 0.009948015213012695
0 18 0.009464740753173828
0 19 0.009644031524658203
0 20 0.010527610778808594
0 21 0.01021575927734375
0 22 0.010188102722167969
0 23 0.010982275009155273
0 24 0.010252237319946289
0 25 0.010520219802856445
0 26 0.011052370071411133
0 27 0.011508703231811523
0 28 0.010731935501098633
0 29 0.010263919830322266
0 30 0.010415077209472656
0 31 0.01053309440612793
0 32 0.01011514663696289
0 33 0.010261297225952148
0 34 0.010212898254394531
0 35 0.010306835174560547
0 36 0.011048078536987305
0 37 0.010253190994262695
0 38 0.011009693145751953
0 39 0.010270118713378906
0 40 0.009513616561889648
0 41 0.009778499603271484
0 42 0.009496688842773438
0 43 0.00970149040222168
0 44 0.009875297546386719
0 45 0.009618520736694336
0 46 0.009648561477661133
0 47 0.009466409683227539
0 48 0.009817361831665039
0 49 0.00977778434753418
0 50 0.009491205215454102
0 51 0.009756088256835938
0 52 0.0096588134765625
0 53 0.01019144058227539
0 54 0.009969711303710938
0 55 0.009811639785766602
0 56 0.009771347045898438
0 57 0.009621620178222656
0 58 0.009703874588012695
0 59 0.009638309478759766
0 60 0.009353876113891602
0 61 0.00973367691040039
0 62 0.009657621383666992
0 63 0.009340286254882812
0 64 0.00935983657836914
0 65 0.009726762771606445
0 66 0.010029315948486328
0 67 0.009790420532226562
0 68 0.009243011474609375
0 69 0.009750843048095703
0 70 0.00971841812133789
0 71 0.009740829467773438
0 72 0.009468555450439453
0 73 0.009593009948730469
0 74 0.009735107421875
0 75 0.00982046127319336
0 76 0.009407281875610352
0 77 0.009510278701782227
0 78 0.009785890579223633
0 79 0.00996255874633789
0 80 0.009855985641479492
0 81 0.009781837463378906
0 82 0.009893417358398438
0 83 0.009958982467651367
0 84 0.010005474090576172
0 85 0.009803056716918945
0 86 0.009670019149780273
0 87 0.009353876113891602
0 88 0.009846925735473633
0 89 0.009330034255981445
0 90 0.01048135757446289
0 91 0.009765863418579102
0 92 0.009844064712524414
0 93 0.009647846221923828
0 94 0.009775161743164062
0 95 0.009499073028564453
0 96 0.010400533676147461
0 97 0.009515523910522461
0 98 0.009616851806640625
0 99 0.009634256362915039
0 100 0.009479522705078125
0 101 0.009925127029418945
0 102 0.009672880172729492
0 103 0.009112834930419922
0 104 0.009908676147460938
0 105 0.009517192840576172
0 106 0.009552955627441406
0 107 0.009715080261230469
0 108 0.009217023849487305
0 109 0.00969839096069336
0 110 0.009190797805786133
0 111 0.009458541870117188
0 112 0.010131597518920898
0 113 0.009826898574829102
0 114 0.010221481323242188
0 115 0.010498285293579102
0 116 0.00973200798034668
0 117 0.009796142578125
0 118 0.009864330291748047
0 119 0.009916067123413086
0 120 0.010154962539672852
0 121 0.009302854537963867
0 122 0.009303808212280273
0 123 0.009769916534423828
0 124 0.009388446807861328
0 125 0.009723901748657227
0 126 0.009603500366210938
0 127 0.009731769561767578
0 128 0.009575843811035156
0 129 0.009319543838500977
0 130 0.009469032287597656
0 131 0.009737014770507812
0 132 0.009677410125732422
0 133 0.009747982025146484
0 134 0.009493112564086914
0 135 0.009521961212158203
0 136 0.010128259658813477
0 137 0.01042938232421875
0 138 0.009743690490722656
0 139 0.009574413299560547
0 140 0.009994983673095703
0 141 0.009990930557250977
0 142 0.009040117263793945
0 143 0.009263753890991211
0 144 0.009629964828491211
0 145 0.009915590286254883
0 146 0.009801387786865234
0 147 0.009585857391357422
0 148 0.009782552719116211
0 149 0.010313034057617188
0 150 0.009938478469848633
0 151 0.009514093399047852
0 152 0.009710311889648438
0 153 0.009409189224243164
0 154 0.009856939315795898
0 155 0.009226322174072266
0 156 0.009271860122680664
0 157 0.009877204895019531
0 158 0.009135723114013672
0 159 0.010541200637817383
0 160 0.009197711944580078
0 161 0.009664535522460938
0 162 0.010196685791015625
0 163 0.00963282585144043
0 164 0.009711503982543945
0 165 0.009779930114746094
0 166 0.009145736694335938
0 167 0.009869098663330078
0 168 0.009744882583618164
0 169 0.009898900985717773
0 170 0.01058053970336914
0 171 0.009601116180419922
0 172 0.009361743927001953
0 173 0.010015726089477539
0 174 0.009174823760986328
0 175 0.009813308715820312
0 176 0.009554624557495117
0 177 0.009384393692016602
0 178 0.01063084602355957
0 179 0.009609699249267578
0 180 0.009166717529296875
0 181 0.009303808212280273
0 182 0.00951838493347168
0 183 0.009804010391235352
0 184 0.009725809097290039
0 185 0.009735584259033203
0 186 0.009752511978149414
0 187 0.009418487548828125
0 188 0.009653806686401367
0 189 0.00901484489440918
0 190 0.009198427200317383
0 191 0.009831428527832031
0 192 0.009878396987915039
0 193 0.009928226470947266
0 194 0.00984334945678711
0 195 0.009586334228515625
0 196 0.009708404541015625
0 197 0.009600400924682617
0 198 0.009629487991333008
0 199 0.009798765182495117
0 200 0.009167909622192383
0 201 0.009350061416625977
0 202 0.009659528732299805
0 203 0.00952291488647461
0 204 0.009882926940917969
0 205 0.009732961654663086
0 206 0.00945281982421875
0 207 0.009521484375
0 208 0.010536909103393555
0 209 0.00957179069519043
0 210 0.009141683578491211
0 211 0.009800195693969727
0 212 0.00984644889831543
0 213 0.009287118911743164
0 214 0.009709358215332031
0 215 0.009633779525756836
0 216 0.009421825408935547
0 217 0.009375333786010742
0 218 0.009313344955444336
0 219 0.010000228881835938
0 220 0.009710073471069336
0 221 0.009634017944335938
0 222 0.009439468383789062
0 223 0.009742259979248047
0 224 0.009182929992675781
0 225 0.009392023086547852
0 226 0.00944828987121582
0 227 0.010321378707885742
0 228 0.010033845901489258
0 229 0.009413957595825195
0 230 0.009539127349853516
0 231 0.009696722030639648
0 232 0.009577035903930664
0 233 0.00998830795288086
0 234 0.01075434684753418
0 235 0.009338855743408203
0 236 0.009763240814208984
0 237 0.009594202041625977
0 238 0.010140657424926758
0 239 0.009396553039550781
0 240 0.009372234344482422
0 241 0.009952783584594727
0 242 0.009420633316040039
0 243 0.009851217269897461
0 244 0.010640859603881836
0 245 0.009526729583740234
0 246 0.009563207626342773
0 247 0.010154962539672852
0 248 0.009431600570678711
0 249 0.009886741638183594
0 250 0.009499311447143555
0 251 0.009425163269042969
0 252 0.009898900985717773
0 253 0.009335041046142578
0 254 0.009413719177246094
0 255 0.010603904724121094
0 256 0.009581327438354492
0 257 0.010023355484008789
0 258 0.010134696960449219
0 259 0.009721994400024414
0 260 0.009657859802246094
0 261 0.009431600570678711
0 262 0.009848594665527344
0 263 0.009357690811157227
0 264 0.009562253952026367
0 265 0.00973200798034668
0 266 0.009239435195922852
0 267 0.009496688842773438
0 268 0.010162115097045898
0 269 0.009535551071166992
0 270 0.009645223617553711
0 271 0.010200977325439453
0 272 0.00931239128112793
0 273 0.009673833847045898
0 274 0.010415792465209961
0 275 0.009631633758544922
0 276 0.009241104125976562
0 277 0.00937509536743164
0 278 0.00951242446899414
0 279 0.009604692459106445
0 280 0.009149551391601562
0 281 0.009802103042602539
0 282 0.009749650955200195
0 283 0.009897708892822266
0 284 0.010188579559326172
0 285 0.009962797164916992
0 286 0.00980377197265625
0 287 0.01060342788696289
0 288 0.009639978408813477
0 289 0.009709835052490234
0 290 0.009420394897460938
0 291 0.009725332260131836
0 292 0.00934147834777832
0 293 0.009385347366333008
0 294 0.009708404541015625
0 295 0.009801626205444336
0 296 0.009839296340942383
0 297 0.010346651077270508
0 298 0.009662151336669922
0 299 0.009855031967163086
0 300 0.009263753890991211
0 301 0.010275840759277344
0 302 0.009879112243652344
0 303 0.009315967559814453
0 304 0.009397745132446289
0 305 0.009294509887695312
0 306 0.009247541427612305
0 307 0.009668350219726562
0 308 0.010585784912109375
0 309 0.009651660919189453
0 310 0.010151147842407227
0 311 0.009401321411132812
0 312 0.009792566299438477
0 313 0.009625673294067383
0 314 0.009902477264404297
0 315 0.010072946548461914
0 316 0.00971531867980957
0 317 0.009932756423950195
0 318 0.010678768157958984
0 319 0.009664535522460938
0 320 0.00971364974975586
0 321 0.00945734977722168
0 322 0.009559869766235352
0 323 0.009996175765991211
0 324 0.009275436401367188
0 325 0.009557962417602539
0 326 0.00959157943725586
0 327 0.010097503662109375
0 328 0.010432243347167969
0 329 0.009306192398071289
0 330 0.00956106185913086
0 331 0.009765148162841797
0 332 0.009499073028564453
0 333 0.009608745574951172
0 334 0.009181022644042969
0 335 0.009323835372924805
0 336 0.009702682495117188
0 337 0.009695768356323242
0 338 0.010304927825927734
0 339 0.010264873504638672
0 340 0.009731769561767578
0 341 0.010096073150634766
0 342 0.009634971618652344
0 343 0.010185480117797852
0 344 0.010754823684692383
0 345 0.00974726676940918
0 346 0.009635210037231445
0 347 0.009894847869873047
0 348 0.00964808464050293
0 349 0.009744882583618164
0 350 0.009520292282104492
0 351 0.009436368942260742
0 352 0.009695291519165039
0 353 0.009206533432006836
0 354 0.009277582168579102
0 355 0.009718179702758789
0 356 0.009444713592529297
0 357 0.010296106338500977
0 358 0.009579181671142578
0 359 0.010426521301269531
0 360 0.010228633880615234
0 361 0.011120796203613281
0 362 0.009569644927978516
0 363 0.009332656860351562
0 364 0.009267568588256836
0 365 0.009648799896240234
0 366 0.01073312759399414
0 367 0.009771108627319336
0 368 0.00982975959777832
0 369 0.010199546813964844
0 370 0.00963139533996582
0 371 0.009348630905151367
0 372 0.009787321090698242
0 373 0.010106563568115234
0 374 0.009457826614379883
0 375 0.009408712387084961
0 376 0.009699344635009766
0 377 0.009432077407836914
0 378 0.00978541374206543
0 379 0.009886980056762695
0 380 0.009411096572875977
0 381 0.00982046127319336
0 382 0.009345531463623047
0 383 0.00930023193359375
0 384 0.009115457534790039
0 385 0.009367942810058594
0 386 0.009849786758422852
0 387 0.009570837020874023
0 388 0.009316444396972656
0 389 0.009733438491821289
0 390 0.009236335754394531
0 391 0.00926661491394043
0 392 0.009784936904907227
0 393 0.009583711624145508
0 394 0.009775876998901367
0 395 0.009399175643920898
0 396 0.009358882904052734
0 397 0.009705305099487305
0 398 0.009184122085571289
0 399 0.009399175643920898
0 400 0.00927877426147461
0 401 0.009645938873291016
0 402 0.009786367416381836
0 403 0.009355545043945312
0 404 0.009410619735717773
0 405 0.009850263595581055
0 406 0.009239435195922852
0 407 0.009656190872192383
0 408 0.009332418441772461
0 409 0.009315967559814453
0 410 0.009979724884033203
0 411 0.010070085525512695
0 412 0.010013580322265625
0 413 0.010276556015014648
0 414 0.009377241134643555
0 415 0.009870767593383789
0 416 0.010188817977905273
0 417 0.00922536849975586
0 418 0.009781599044799805
0 419 0.00963449478149414
0 420 0.009997844696044922
0 421 0.009160280227661133
0 422 0.009396791458129883
0 423 0.009864091873168945
0 424 0.009386062622070312
0 425 0.009334325790405273
0 426 0.011923789978027344
0 427 0.009289026260375977
0 428 0.009646177291870117
0 429 0.009104728698730469
0 430 0.009191274642944336
0 431 0.010142326354980469
0 432 0.009132146835327148
0 433 0.009275674819946289
0 434 0.010665416717529297
0 435 0.009775400161743164
0 436 0.00983285903930664
0 437 0.00927281379699707
0 438 0.010562658309936523
0 439 0.010478019714355469
0 440 0.009292840957641602
0 441 0.009395837783813477
0 442 0.00905466079711914
0 443 0.009322643280029297
0 444 0.009699583053588867
0 445 0.009363889694213867
0 446 0.00973963737487793
0 447 0.009669303894042969
0 448 0.009412527084350586
0 449 0.009510278701782227
0 450 0.009176015853881836
0 451 0.009328603744506836
0 452 0.00974893569946289
0 453 0.00983119010925293
0 454 0.009496688842773438
0 455 0.010550498962402344
0 456 0.009379148483276367
0 457 0.009730339050292969
0 458 0.009359359741210938
0 459 0.010491371154785156
0 460 0.009772777557373047
0 461 0.009387016296386719
0 462 0.009572744369506836
0 463 0.009146690368652344
0 464 0.00967550277709961
0 465 0.009773969650268555
0 466 0.009636640548706055
0 467 0.009558677673339844
0 468 0.009778976440429688
0 469 0.009387731552124023
0 470 0.009266376495361328
0 471 0.009810686111450195
0 472 0.009546518325805664
0 473 0.009782075881958008
0 474 0.009354591369628906
0 475 0.009334325790405273
0 476 0.010241985321044922
0 477 0.009279489517211914
0 478 0.009720802307128906
0 479 0.009783506393432617
0 480 0.009682655334472656
0 481 0.010101318359375
0 482 0.010253429412841797
0 483 0.010147333145141602
0 484 0.009735584259033203
0 485 0.01092529296875
0 486 0.00949859619140625
0 487 0.009313344955444336
0 488 0.009656429290771484
0 489 0.009939908981323242
0 490 0.009362459182739258
0 491 0.009926557540893555
0 492 0.009919404983520508
0 493 0.009739875793457031
0 494 0.00978541374206543
0 495 0.009287834167480469
0 496 0.009494304656982422
0 497 0.009835004806518555
0 498 0.009618282318115234
0 499 0.009459495544433594
0 500 0.009270429611206055
0 501 0.00927114486694336
0 502 0.009828567504882812
0 503 0.009383916854858398
0 504 0.009512186050415039
0 505 0.009891033172607422
0 506 0.00963282585144043
0 507 0.009750604629516602
0 508 0.009743213653564453
0 509 0.010418176651000977
0 510 0.009768962860107422
0 511 0.009207963943481445
0 512 0.009491920471191406
0 513 0.009815692901611328
0 514 0.009348154067993164
0 515 0.009779691696166992
0 516 0.009561300277709961
0 517 0.010072946548461914
0 518 0.009922504425048828
0 519 0.009416818618774414
0 520 0.010030031204223633
0 521 0.009841203689575195
0 522 0.009671449661254883
0 523 0.009683847427368164
0 524 0.009756803512573242
0 525 0.010093450546264648
0 526 0.009799957275390625
0 527 0.010432720184326172
0 528 0.00953054428100586
0 529 0.01013803482055664
0 530 0.009783744812011719
0 531 0.009843826293945312
0 532 0.010219335556030273
0 533 0.010271549224853516
0 534 0.009852886199951172
0 535 0.009183168411254883
0 536 0.009935855865478516
0 537 0.009805917739868164
0 538 0.009438753128051758
0 539 0.00970911979675293
0 540 0.00980377197265625
0 541 0.00917959213256836
0 542 0.00984644889831543
0 543 0.009269475936889648
0 544 0.00946497917175293
0 545 0.01003575325012207
0 546 0.009409666061401367
0 547 0.010541915893554688
0 548 0.009984016418457031
0 549 0.009405851364135742
0 550 0.009879350662231445
0 551 0.00949239730834961
0 552 0.009656190872192383
0 553 0.009726524353027344
0 554 0.009315967559814453
0 555 0.009682893753051758
0 556 0.009743928909301758
0 557 0.00978231430053711
0 558 0.009674310684204102
0 559 0.009794950485229492
0 560 0.009756803512573242
0 561 0.009524106979370117
0 562 0.009781837463378906
0 563 0.010447263717651367
0 564 0.009485960006713867
0 565 0.010376453399658203
0 566 0.00977015495300293
0 567 0.009541511535644531
0 568 0.01007080078125
0 569 0.009448528289794922
0 570 0.009592056274414062
0 571 0.009810209274291992
0 572 0.01030278205871582
0 573 0.009322881698608398
0 574 0.009637117385864258
0 575 0.010053396224975586
0 576 0.010650396347045898
0 577 0.010051727294921875
0 578 0.00948023796081543
0 579 0.010027408599853516
0 580 0.009678363800048828
0 581 0.009731292724609375
0 582 0.00916147232055664
0 583 0.009673833847045898
0 584 0.010651111602783203
0 585 0.010166168212890625
0 586 0.00961160659790039
0 587 0.009906530380249023
0 588 0.009655952453613281
0 589 0.009647369384765625
0 590 0.009057044982910156
0 591 0.009257316589355469
0 592 0.009847402572631836
0 593 0.010218620300292969
0 594 0.009805679321289062
0 595 0.009615421295166016
0 596 0.009291648864746094
0 597 0.009709596633911133
0 598 0.009562969207763672
