0 0 0.047518014907836914
0 1 0.015325784683227539
0 2 0.010200977325439453
0 3 0.010143518447875977
0 4 0.010839462280273438
0 5 0.010251522064208984
0 6 0.010267496109008789
0 7 0.010099172592163086
0 8 0.010585784912109375
0 9 0.010373830795288086
0 10 0.011027097702026367
0 11 0.010467767715454102
0 12 0.010444402694702148
0 13 0.00911259651184082
0 14 0.009145975112915039
0 15 0.010392904281616211
0 16 0.009279966354370117
0 17 0.009583234786987305
0 18 0.009604215621948242
0 19 0.009722471237182617
0 20 0.009681463241577148
0 21 0.009760141372680664
0 22 0.009576559066772461
0 23 0.010015010833740234
0 24 0.010154008865356445
0 25 0.010096549987792969
0 26 0.010362625122070312
0 27 0.010315418243408203
0 28 0.010685205459594727
0 29 0.010377645492553711
0 30 0.010671615600585938
0 31 0.010798454284667969
0 32 0.010181665420532227
0 33 0.010170936584472656
0 34 0.010289192199707031
0 35 0.010126829147338867
0 36 0.010360956192016602
0 37 0.010152816772460938
0 38 0.010394096374511719
0 39 0.010143756866455078
0 40 0.010092496871948242
0 41 0.010761022567749023
0 42 0.010062456130981445
0 43 0.010265350341796875
0 44 0.010116100311279297
0 45 0.009992122650146484
0 46 0.009639978408813477
0 47 0.009853601455688477
0 48 0.010226011276245117
0 49 0.009878396987915039
0 50 0.009720563888549805
0 51 0.010240554809570312
0 52 0.0097198486328125
0 53 0.009807348251342773
0 54 0.009769916534423828
0 55 0.010009050369262695
0 56 0.009677886962890625
0 57 0.009743213653564453
0 58 0.009716987609863281
0 59 0.009740114212036133
0 60 0.009836196899414062
0 61 0.010559797286987305
0 62 0.009855508804321289
0 63 0.00897216796875
0 64 0.009320259094238281
0 65 0.009363651275634766
0 66 0.009627103805541992
0 67 0.009889364242553711
0 68 0.009726524353027344
0 69 0.009763956069946289
0 70 0.009903430938720703
0 71 0.009337425231933594
0 72 0.009743690490722656
0 73 0.00969696044921875
0 74 0.009865760803222656
0 75 0.00999140739440918
0 76 0.009839773178100586
0 77 0.009397029876708984
0 78 0.00966644287109375
0 79 0.009656667709350586
0 80 0.010310173034667969
0 81 0.009708404541015625
0 82 0.010522603988647461
0 83 0.010411977767944336
0 84 0.010818719863891602
0 85 0.009880304336547852
0 86 0.009688854217529297
0 87 0.009739160537719727
0 88 0.009656190872192383
0 89 0.009356498718261719
0 90 0.009544134140014648
0 91 0.009902477264404297
0 92 0.009661436080932617
0 93 0.009715557098388672
0 94 0.009674310684204102
0 95 0.010516881942749023
0 96 0.010415315628051758
0 97 0.0094757080078125
0 98 0.010241508483886719
0 99 0.009917259216308594
0 100 0.009691953659057617
0 101 0.009905815124511719
0 102 0.009672164916992188
0 103 0.01025843620300293
0 104 0.01044774055480957
0 105 0.009680747985839844
0 106 0.009664058685302734
0 107 0.009599924087524414
0 108 0.009783744812011719
0 109 0.009997367858886719
0 110 0.009710311889648438
0 111 0.009851932525634766
0 112 0.009681940078735352
0 113 0.01037740707397461
0 114 0.009461402893066406
0 115 0.009743928909301758
0 116 0.009325742721557617
0 117 0.009830951690673828
0 118 0.00957632064819336
0 119 0.009913206100463867
0 120 0.00992727279663086
0 121 0.01026606559753418
0 122 0.009259223937988281
0 123 0.009655952453613281
0 124 0.009271860122680664
0 125 0.009884834289550781
0 126 0.009366035461425781
0 127 0.009485244750976562
0 128 0.010610103607177734
0 129 0.009220123291015625
0 130 0.0093536376953125
0 131 0.009128093719482422
0 132 0.00950002670288086
0 133 0.009726762771606445
0 134 0.009621620178222656
0 135 0.009403705596923828
0 136 0.00958871841430664
0 137 0.010294675827026367
0 138 0.010679244995117188
0 139 0.009766817092895508
0 140 0.009317398071289062
0 141 0.009620428085327148
0 142 0.010116338729858398
0 143 0.009204626083374023
0 144 0.010017156600952148
0 145 0.00925588607788086
0 146 0.00977635383605957
0 147 0.009642839431762695
0 148 0.009551048278808594
0 149 0.010122060775756836
0 150 0.009524822235107422
0 151 0.009523868560791016
0 152 0.009218215942382812
0 153 0.009453773498535156
0 154 0.009830951690673828
0 155 0.009406805038452148
0 156 0.009438514709472656
0 157 0.010443925857543945
0 158 0.009343862533569336
0 159 0.009465456008911133
0 160 0.009307622909545898
0 161 0.009500741958618164
0 162 0.009859323501586914
0 163 0.009393930435180664
0 164 0.009649991989135742
0 165 0.009969711303710938
0 166 0.010210275650024414
0 167 0.010152816772460938
0 168 0.01003718376159668
0 169 0.009446859359741211
0 170 0.00975489616394043
0 171 0.009749650955200195
0 172 0.009561777114868164
0 173 0.009938478469848633
0 174 0.00942540168762207
0 175 0.010364294052124023
0 176 0.009714126586914062
0 177 0.009830713272094727
0 178 0.010406494140625
0 179 0.009376049041748047
0 180 0.010021448135375977
0 181 0.009654998779296875
0 182 0.009304285049438477
0 183 0.009811878204345703
0 184 0.009205341339111328
0 185 0.009683370590209961
0 186 0.010229825973510742
0 187 0.010489940643310547
0 188 0.009844303131103516
0 189 0.009619474411010742
0 190 0.009625673294067383
0 191 0.009705305099487305
0 192 0.009845972061157227
0 193 0.0095367431640625
0 194 0.009746313095092773
0 195 0.009838104248046875
0 196 0.009715080261230469
0 197 0.009700536727905273
0 198 0.009758949279785156
0 199 0.010060310363769531
0 200 0.009689569473266602
0 201 0.009877204895019531
0 202 0.009848356246948242
0 203 0.009359359741210938
0 204 0.009934663772583008
0 205 0.009287595748901367
0 206 0.009379148483276367
0 207 0.009872913360595703
0 208 0.00967550277709961
0 209 0.009350061416625977
0 210 0.009826898574829102
0 211 0.009815216064453125
0 212 0.009706497192382812
0 213 0.009323835372924805
0 214 0.009383201599121094
0 215 0.009787559509277344
0 216 0.009320497512817383
0 217 0.00973057746887207
0 218 0.009014606475830078
0 219 0.009418487548828125
0 220 0.009741067886352539
0 221 0.009386777877807617
0 222 0.009701251983642578
0 223 0.009766101837158203
0 224 0.009223222732543945
0 225 0.009700536727905273
0 226 0.009610414505004883
0 227 0.00945901870727539
0 228 0.009829282760620117
0 229 0.009723663330078125
0 230 0.00936746597290039
0 231 0.009586572647094727
0 232 0.00987553596496582
0 233 0.009676218032836914
0 234 0.009343862533569336
0 235 0.00919198989868164
0 236 0.009521245956420898
0 237 0.009198665618896484
0 238 0.009675741195678711
0 239 0.009209871292114258
0 240 0.009330987930297852
0 241 0.010745525360107422
0 242 0.009904623031616211
0 243 0.009542703628540039
0 244 0.009595394134521484
0 245 0.009187936782836914
0 246 0.009496450424194336
0 247 0.009172439575195312
0 248 0.009250879287719727
0 249 0.009939908981323242
0 250 0.010337591171264648
0 251 0.009583473205566406
0 252 0.010080814361572266
0 253 0.009717464447021484
0 254 0.009502887725830078
0 255 0.00948643684387207
0 256 0.009584426879882812
0 257 0.009771108627319336
0 258 0.010457515716552734
0 259 0.009998559951782227
0 260 0.009500265121459961
0 261 0.009509563446044922
0 262 0.010481119155883789
0 263 0.009330511093139648
0 264 0.00946807861328125
0 265 0.011067628860473633
0 266 0.010224103927612305
0 267 0.009354591369628906
0 268 0.009685993194580078
0 269 0.009447813034057617
0 270 0.010272979736328125
0 271 0.010073423385620117
0 272 0.009766817092895508
0 273 0.009892702102661133
0 274 0.009488105773925781
0 275 0.009753942489624023
0 276 0.009828567504882812
0 277 0.009781837463378906
0 278 0.01008296012878418
0 279 0.009476900100708008
0 280 0.009888887405395508
0 281 0.010077238082885742
0 282 0.009859323501586914
0 283 0.009824275970458984
0 284 0.010173559188842773
0 285 0.00975489616394043
0 286 0.009940147399902344
0 287 0.01026296615600586
0 288 0.009492158889770508
0 289 0.009799718856811523
0 290 0.009458541870117188
0 291 0.009592771530151367
0 292 0.009348154067993164
0 293 0.00933837890625
0 294 0.009694337844848633
0 295 0.008903026580810547
0 296 0.009310007095336914
0 297 0.010022878646850586
0 298 0.009165048599243164
0 299 0.009679079055786133
0 301 0.01255941390991211
0 302 0.011104345321655273
0 303 0.010237455368041992
0 304 0.010242223739624023
0 305 0.010058164596557617
0 306 0.009838581085205078
0 307 0.010745525360107422
0 308 0.010529279708862305
0 309 0.010370254516601562
0 310 0.010581254959106445
0 311 0.009978771209716797
0 312 0.00994873046875
0 313 0.009821176528930664
0 314 0.009576559066772461
0 315 0.009679317474365234
0 316 0.009736299514770508
0 317 0.009635448455810547
0 318 0.009703874588012695
0 319 0.010006189346313477
0 320 0.009940624237060547
0 321 0.009589195251464844
0 322 0.00997614860534668
0 323 0.009971380233764648
0 324 0.009348869323730469
0 325 0.00954127311706543
0 326 0.010284185409545898
0 327 0.009537935256958008
0 328 0.009878873825073242
0 329 0.009550094604492188
0 330 0.009597063064575195
0 331 0.009863615036010742
0 332 0.010148763656616211
0 333 0.009392261505126953
0 334 0.009191274642944336
0 335 0.01004791259765625
0 336 0.00954437255859375
0 337 0.00924992561340332
0 338 0.009384870529174805
0 339 0.009919404983520508
0 340 0.009626150131225586
0 341 0.009464502334594727
0 342 0.009601116180419922
0 343 0.009116888046264648
0 344 0.010052680969238281
0 345 0.009927988052368164
0 346 0.009235382080078125
0 347 0.009485960006713867
0 348 0.009218931198120117
0 349 0.009732246398925781
0 350 0.009237051010131836
0 351 0.00927424430847168
0 352 0.009721994400024414
0 353 0.009401082992553711
0 354 0.009364604949951172
0 355 0.009818315505981445
0 356 0.009943008422851562
0 357 0.0097198486328125
0 358 0.010102272033691406
0 359 0.009752273559570312
0 360 0.009850263595581055
0 361 0.009105205535888672
0 362 0.009598970413208008
0 363 0.010314464569091797
0 364 0.00960683822631836
0 365 0.010035514831542969
0 366 0.009072542190551758
0 367 0.01006770133972168
0 368 0.009813070297241211
0 369 0.00948786735534668
0 370 0.009879350662231445
0 371 0.009223222732543945
0 372 0.009961843490600586
0 373 0.009775400161743164
0 374 0.00988459587097168
0 375 0.009332418441772461
0 376 0.009807109832763672
0 377 0.009403705596923828
0 378 0.00989222526550293
0 379 0.009189605712890625
0 380 0.009656190872192383
0 381 0.009581327438354492
0 382 0.010261297225952148
0 383 0.009309530258178711
0 384 0.009284257888793945
0 385 0.00936126708984375
0 386 0.009869098663330078
0 387 0.009209156036376953
0 388 0.009420394897460938
0 389 0.009951114654541016
0 390 0.00971078872680664
0 391 0.009260416030883789
0 392 0.009211063385009766
0 393 0.009271383285522461
0 394 0.009699106216430664
0 395 0.009530305862426758
0 396 0.009673833847045898
0 397 0.009604930877685547
0 398 0.009427070617675781
0 399 0.009757518768310547
0 400 0.009334325790405273
0 401 0.009053945541381836
0 402 0.009656429290771484
0 403 0.009876012802124023
0 404 0.009366750717163086
0 405 0.0095672607421875
0 406 0.009287834167480469
0 407 0.009789466857910156
0 408 0.00939178466796875
0 409 0.009462118148803711
0 410 0.009791374206542969
0 411 0.01005411148071289
0 412 0.009586095809936523
0 413 0.009827852249145508
0 414 0.00944375991821289
0 415 0.01001596450805664
0 416 0.009576082229614258
0 417 0.009732246398925781
0 418 0.009607315063476562
0 419 0.009440422058105469
0 420 0.010128498077392578
0 421 0.009264469146728516
0 422 0.009650468826293945
0 423 0.009737968444824219
0 424 0.009124755859375
0 425 0.00970315933227539
0 426 0.009573936462402344
0 427 0.009296417236328125
0 428 0.00946950912475586
0 429 0.010482072830200195
0 430 0.009891271591186523
0 431 0.009760856628417969
0 432 0.009589910507202148
0 433 0.009349584579467773
0 434 0.009146451950073242
0 435 0.009243965148925781
0 436 0.009742498397827148
0 437 0.0093536376953125
0 438 0.00993800163269043
0 439 0.00973367691040039
0 440 0.009344816207885742
0 441 0.009342670440673828
0 442 0.009657144546508789
0 443 0.009476423263549805
0 444 0.010095357894897461
0 445 0.009290456771850586
0 446 0.009525060653686523
0 447 0.010040998458862305
0 448 0.009910345077514648
0 449 0.009689807891845703
0 450 0.009627580642700195
0 451 0.009882688522338867
0 452 0.01051640510559082
0 453 0.009439706802368164
0 454 0.009394168853759766
0 455 0.009846687316894531
0 456 0.00978851318359375
0 457 0.010485172271728516
0 458 0.009407520294189453
0 459 0.00942683219909668
0 460 0.010171890258789062
0 461 0.009331941604614258
0 462 0.009282112121582031
0 463 0.009607315063476562
0 464 0.00957942008972168
0 465 0.009893178939819336
0 466 0.009690999984741211
0 467 0.009465217590332031
0 468 0.009805679321289062
0 469 0.00952768325805664
0 470 0.009526252746582031
0 471 0.009742259979248047
0 472 0.009593486785888672
0 473 0.00985407829284668
0 474 0.010475397109985352
0 475 0.010680437088012695
0 476 0.009783267974853516
0 477 0.009178400039672852
0 478 0.009434700012207031
0 479 0.009709358215332031
0 480 0.009430885314941406
0 481 0.009769439697265625
0 482 0.009329080581665039
0 483 0.009412288665771484
0 484 0.009895563125610352
0 485 0.009741544723510742
0 486 0.009965181350708008
0 487 0.009857654571533203
0 488 0.009580850601196289
0 489 0.010172843933105469
0 490 0.009754419326782227
0 491 0.009497404098510742
0 492 0.013096809387207031
0 493 0.009906530380249023
0 494 0.010577201843261719
0 495 0.009420394897460938
0 496 0.009813308715820312
0 497 0.009908199310302734
0 498 0.009960174560546875
0 499 0.010831117630004883
0 500 0.010665416717529297
0 501 0.010165929794311523
0 502 0.009929656982421875
0 503 0.010085821151733398
0 504 0.009595394134521484
0 505 0.009963512420654297
0 506 0.009567022323608398
0 507 0.01017904281616211
0 508 0.009512186050415039
0 509 0.010931968688964844
0 510 0.010035037994384766
0 511 0.010754823684692383
0 512 0.010308265686035156
0 513 0.009937763214111328
0 514 0.009415149688720703
0 515 0.009612083435058594
0 516 0.009783267974853516
0 517 0.009815692901611328
0 518 0.010306119918823242
0 519 0.009959697723388672
0 520 0.009703636169433594
0 521 0.009731292724609375
0 522 0.00933837890625
0 523 0.009769916534423828
0 524 0.009833335876464844
0 525 0.009670734405517578
0 526 0.009735345840454102
0 527 0.009636640548706055
0 528 0.009729862213134766
0 529 0.009735345840454102
0 530 0.009670257568359375
0 531 0.009842634201049805
0 532 0.009340524673461914
0 533 0.009835481643676758
0 534 0.009998083114624023
0 535 0.009635686874389648
0 536 0.009879350662231445
0 537 0.009844303131103516
0 538 0.010359525680541992
0 539 0.009791374206542969
0 540 0.009351968765258789
0 541 0.009330511093139648
0 542 0.00988912582397461
0 543 0.009665489196777344
0 544 0.00957179069519043
0 545 0.009432792663574219
0 546 0.009291410446166992
0 547 0.009757757186889648
0 548 0.009808063507080078
0 549 0.009768009185791016
0 550 0.01188969612121582
0 551 0.009391069412231445
0 552 0.009458065032958984
0 553 0.009351015090942383
0 554 0.009398698806762695
0 555 0.01037740707397461
0 556 0.009298324584960938
0 557 0.010182619094848633
0 558 0.009897232055664062
0 559 0.009209156036376953
0 560 0.010627985000610352
0 561 0.010193347930908203
0 562 0.00933980941772461
0 563 0.010390996932983398
0 564 0.009204864501953125
0 565 0.009412050247192383
0 566 0.009655475616455078
0 567 0.009566068649291992
0 568 0.009665966033935547
0 569 0.00913858413696289
0 570 0.009267330169677734
0 571 0.009897470474243164
0 572 0.009454488754272461
0 573 0.009549617767333984
0 574 0.009480714797973633
0 575 0.009589195251464844
0 576 0.009875297546386719
0 577 0.009942054748535156
0 578 0.010025739669799805
0 579 0.01051640510559082
0 580 0.010083198547363281
0 581 0.01008152961730957
0 582 0.009482145309448242
0 583 0.009976387023925781
0 584 0.009842395782470703
0 585 0.009255647659301758
0 586 0.00928640365600586
0 587 0.010576725006103516
0 588 0.009534358978271484
0 589 0.00976705551147461
0 590 0.009502410888671875
0 591 0.009743928909301758
0 592 0.009917020797729492
0 593 0.01013636589050293
0 594 0.010459423065185547
0 595 0.009186506271362305
0 596 0.010208368301391602
0 597 0.009644269943237305
0 598 0.009297609329223633
