0 0 0.048758506774902344
0 1 0.0163116455078125
0 2 0.010178327560424805
0 3 0.011527299880981445
0 4 0.01026463508605957
0 5 0.010742664337158203
0 6 0.010599613189697266
0 7 0.010510683059692383
0 8 0.010651111602783203
0 9 0.010301351547241211
0 10 0.010124921798706055
0 11 0.011043310165405273
0 12 0.009937047958374023
0 13 0.010123252868652344
0 14 0.010077476501464844
0 15 0.010149478912353516
0 16 0.010438203811645508
0 17 0.009930849075317383
0 18 0.010361194610595703
0 19 0.010447025299072266
0 20 0.010245084762573242
0 21 0.010591268539428711
0 22 0.010130882263183594
0 23 0.010350942611694336
0 24 0.010550737380981445
0 25 0.010436058044433594
0 26 0.010650157928466797
0 27 0.010375261306762695
0 28 0.010386466979980469
0 29 0.01048731803894043
0 30 0.01154947280883789
0 31 0.010522842407226562
0 32 0.01048135757446289
0 33 0.010216474533081055
0 34 0.010485649108886719
0 35 0.010423421859741211
0 36 0.010160207748413086
0 37 0.010440587997436523
0 38 0.011524677276611328
0 39 0.00947880744934082
0 40 0.009662866592407227
0 41 0.009886741638183594
0 42 0.010000944137573242
0 43 0.009393692016601562
0 44 0.009188652038574219
0 45 0.01282191276550293
0 46 0.009538888931274414
0 47 0.009566545486450195
0 48 0.009255409240722656
0 49 0.009502172470092773
0 50 0.010005950927734375
0 51 0.009805679321289062
0 52 0.010056495666503906
0 53 0.009806156158447266
0 54 0.010273933410644531
0 55 0.010262250900268555
0 56 0.00978851318359375
0 57 0.010442972183227539
0 58 0.010140419006347656
0 59 0.009654521942138672
0 60 0.010056734085083008
0 61 0.010242223739624023
0 62 0.00972294807434082
0 63 0.0098114013671875
0 64 0.009296655654907227
0 65 0.00944972038269043
0 66 0.009901046752929688
0 67 0.009288787841796875
0 68 0.009876728057861328
0 69 0.009825468063354492
0 70 0.009489297866821289
0 71 0.009783029556274414
0 72 0.010526418685913086
0 73 0.009563207626342773
0 74 0.010022640228271484
0 75 0.009880304336547852
0 76 0.010686159133911133
0 77 0.010532617568969727
0 78 0.009806156158447266
0 79 0.0099334716796875
0 80 0.009819507598876953
0 81 0.009934663772583008
0 82 0.009865760803222656
0 83 0.010334968566894531
0 84 0.010238885879516602
0 85 0.010396718978881836
0 86 0.010736942291259766
0 87 0.01041722297668457
0 88 0.010367393493652344
0 89 0.009186267852783203
0 90 0.011146306991577148
0 91 0.009906530380249023
0 92 0.009948968887329102
0 93 0.009915351867675781
0 94 0.010796546936035156
0 95 0.010092973709106445
0 96 0.010549545288085938
0 97 0.010132789611816406
0 98 0.010646581649780273
0 99 0.009981632232666016
0 100 0.010006904602050781
0 101 0.010186910629272461
0 102 0.009907722473144531
0 103 0.010200023651123047
0 104 0.010191679000854492
0 105 0.010210275650024414
0 106 0.009980440139770508
0 107 0.009780168533325195
0 108 0.009999990463256836
0 109 0.009822368621826172
0 110 0.009766101837158203
0 111 0.009829521179199219
0 112 0.009765386581420898
0 113 0.00994110107421875
0 114 0.009722471237182617
0 115 0.00995779037475586
0 116 0.01013636589050293
0 117 0.009803533554077148
0 118 0.009895086288452148
0 119 0.010322809219360352
0 120 0.009981870651245117
0 121 0.009912729263305664
0 122 0.009798288345336914
0 123 0.010060787200927734
0 124 0.010416269302368164
0 125 0.010055065155029297
0 126 0.010186433792114258
0 127 0.010649442672729492
0 128 0.010294675827026367
0 129 0.009780406951904297
0 130 0.010218143463134766
0 131 0.009467601776123047
0 132 0.0098724365234375
0 133 0.009763956069946289
0 134 0.00940561294555664
0 135 0.009736061096191406
0 136 0.009695768356323242
0 137 0.010331153869628906
0 138 0.010716915130615234
0 139 0.010153770446777344
0 140 0.010103702545166016
0 141 0.010156869888305664
0 142 0.010497570037841797
0 143 0.010000228881835938
0 144 0.009678125381469727
0 145 0.00995182991027832
0 146 0.009922027587890625
0 147 0.009996891021728516
0 148 0.01006317138671875
0 149 0.009953975677490234
0 150 0.009934425354003906
0 151 0.009855031967163086
0 152 0.009681940078735352
0 153 0.009756803512573242
0 154 0.00922703742980957
0 155 0.009346961975097656
0 156 0.009643793106079102
0 157 0.009776592254638672
0 158 0.010109663009643555
0 159 0.009778261184692383
0 160 0.009650707244873047
0 161 0.010040283203125
0 162 0.009578227996826172
0 163 0.009783744812011719
0 164 0.009992361068725586
0 165 0.009882688522338867
0 166 0.00999593734741211
0 167 0.010118246078491211
0 168 0.010056018829345703
0 169 0.00982522964477539
0 170 0.009399175643920898
0 171 0.009916067123413086
0 172 0.009219646453857422
0 173 0.009480953216552734
0 174 0.00976252555847168
0 175 0.009699583053588867
0 176 0.00938105583190918
0 177 0.009976387023925781
0 178 0.010319709777832031
0 179 0.009823083877563477
0 180 0.009467840194702148
0 181 0.009699583053588867
0 182 0.009904623031616211
0 183 0.009486913681030273
0 184 0.00947880744934082
0 185 0.009719133377075195
0 186 0.009473562240600586
0 187 0.01002812385559082
0 188 0.009290695190429688
0 189 0.009577274322509766
0 190 0.009907245635986328
0 191 0.009827852249145508
0 192 0.009479761123657227
0 193 0.010930776596069336
0 194 0.010442733764648438
0 195 0.009845733642578125
0 196 0.01037454605102539
0 197 0.009462833404541016
0 198 0.010654687881469727
0 199 0.00943756103515625
0 200 0.009677648544311523
0 201 0.009809494018554688
0 202 0.009804964065551758
0 203 0.010462760925292969
0 204 0.009645700454711914
0 205 0.009426593780517578
0 206 0.009732246398925781
0 207 0.009344816207885742
0 208 0.01018071174621582
0 209 0.009356021881103516
0 210 0.009728193283081055
0 211 0.009847164154052734
0 212 0.009692192077636719
0 213 0.009532928466796875
0 214 0.009860754013061523
0 215 0.009578943252563477
0 216 0.009615421295166016
0 217 0.009267330169677734
0 218 0.009994745254516602
0 219 0.009801626205444336
0 220 0.00907444953918457
0 221 0.00930166244506836
0 222 0.009742259979248047
0 223 0.009745121002197266
0 224 0.00973820686340332
0 225 0.009769439697265625
0 226 0.009837627410888672
0 227 0.010000467300415039
0 228 0.010663509368896484
0 229 0.009957075119018555
0 230 0.010641336441040039
0 231 0.009495973587036133
0 232 0.009799718856811523
0 233 0.009388446807861328
0 234 0.009255647659301758
0 235 0.00962066650390625
0 236 0.009374618530273438
0 237 0.00971841812133789
0 238 0.00995779037475586
0 239 0.00930333137512207
0 240 0.009761810302734375
0 241 0.00912928581237793
0 242 0.009320497512817383
0 243 0.009611129760742188
0 244 0.009771347045898438
0 245 0.009427070617675781
0 246 0.009034872055053711
0 247 0.009290933609008789
0 248 0.009832620620727539
0 249 0.009530067443847656
0 250 0.009418010711669922
0 251 0.009932756423950195
0 252 0.009592533111572266
0 253 0.009752035140991211
0 254 0.009193181991577148
0 255 0.009397268295288086
0 256 0.009727954864501953
0 257 0.009152650833129883
0 258 0.009699583053588867
0 259 0.009699821472167969
0 260 0.009372472763061523
0 261 0.010513067245483398
0 262 0.010079145431518555
0 263 0.009366512298583984
0 264 0.009853124618530273
0 265 0.00933384895324707
0 266 0.009788036346435547
0 267 0.010216236114501953
0 268 0.009366035461425781
0 269 0.009451627731323242
0 270 0.009773492813110352
0 271 0.009315252304077148
0 272 0.00969243049621582
0 273 0.009721040725708008
0 274 0.009757280349731445
0 275 0.009563207626342773
0 276 0.009658098220825195
0 277 0.009542703628540039
0 278 0.009965658187866211
0 279 0.009663581848144531
0 280 0.009613037109375
0 281 0.009401321411132812
0 282 0.009635210037231445
0 283 0.009585857391357422
0 284 0.009323358535766602
0 285 0.009784936904907227
0 286 0.009223222732543945
0 287 0.010294675827026367
0 288 0.010610103607177734
0 289 0.009532451629638672
0 290 0.009978532791137695
0 291 0.010629415512084961
0 292 0.009706497192382812
0 293 0.009894609451293945
0 294 0.009386301040649414
0 295 0.009560346603393555
0 296 0.009341955184936523
0 297 0.010088443756103516
0 298 0.009765386581420898
0 299 0.009282588958740234
0 300 0.010386228561401367
0 301 0.010135650634765625
0 302 0.010152339935302734
0 303 0.009803056716918945
0 304 0.009868860244750977
0 305 0.009228706359863281
0 306 0.009747743606567383
0 307 0.009129047393798828
0 308 0.009283781051635742
0 309 0.009077072143554688
0 310 0.008907556533813477
0 311 0.00941014289855957
0 312 0.009521245956420898
0 313 0.00936126708984375
0 314 0.009653329849243164
0 315 0.00928950309753418
0 316 0.009784460067749023
0 317 0.009367227554321289
0 318 0.009096860885620117
0 319 0.009546279907226562
0 320 0.009115457534790039
0 321 0.00917363166809082
0 322 0.009700536727905273
0 323 0.009196758270263672
0 324 0.009719610214233398
0 325 0.009184122085571289
0 326 0.009591102600097656
0 327 0.009986639022827148
0 328 0.009433507919311523
0 329 0.010398626327514648
0 330 0.009903907775878906
0 331 0.010100126266479492
0 332 0.01002359390258789
0 333 0.009873390197753906
0 334 0.009742498397827148
0 335 0.009678125381469727
0 336 0.009558916091918945
0 337 0.009403467178344727
0 338 0.009107351303100586
0 339 0.009124279022216797
0 340 0.009715795516967773
0 341 0.009299993515014648
0 342 0.009989023208618164
0 343 0.009636640548706055
0 344 0.009131908416748047
0 345 0.010196685791015625
0 346 0.009533166885375977
0 347 0.0093231201171875
0 348 0.009540081024169922
0 349 0.009176015853881836
0 350 0.009692192077636719
0 351 0.009881019592285156
0 352 0.009381771087646484
0 353 0.00973653793334961
0 354 0.009804248809814453
0 355 0.010316610336303711
0 356 0.010559797286987305
0 357 0.00961756706237793
0 358 0.010242223739624023
0 359 0.010512828826904297
0 360 0.009572029113769531
0 361 0.009689092636108398
0 362 0.009458780288696289
0 363 0.009235620498657227
0 364 0.009962081909179688
0 365 0.009654045104980469
0 366 0.009731769561767578
0 367 0.009216070175170898
0 368 0.009060382843017578
0 369 0.009509086608886719
0 370 0.008985042572021484
0 371 0.009362220764160156
0 372 0.009774923324584961
0 373 0.009145259857177734
0 374 0.009586811065673828
0 375 0.009202003479003906
0 376 0.009031534194946289
0 377 0.009705305099487305
0 378 0.00927591323852539
0 379 0.011469602584838867
0 380 0.009547948837280273
0 381 0.009109735488891602
0 382 0.009523630142211914
0 383 0.009067058563232422
0 384 0.009322404861450195
0 385 0.009601593017578125
0 386 0.010272979736328125
0 387 0.009278297424316406
0 388 0.009497642517089844
0 389 0.009050607681274414
0 390 0.009639263153076172
0 391 0.009909868240356445
0 392 0.009025096893310547
0 393 0.009506702423095703
0 394 0.009134054183959961
0 395 0.009535789489746094
0 396 0.009450435638427734
0 397 0.009123086929321289
0 398 0.010326147079467773
0 399 0.008992671966552734
0 400 0.009276866912841797
0 401 0.010228872299194336
0 402 0.009948015213012695
0 403 0.009871959686279297
0 404 0.00941920280456543
0 405 0.009629249572753906
0 406 0.009634733200073242
0 407 0.009565353393554688
0 408 0.009311676025390625
0 409 0.009478092193603516
0 410 0.008873462677001953
0 411 0.00972890853881836
0 412 0.009345531463623047
0 413 0.009423971176147461
0 414 0.01067662239074707
0 415 0.009630680084228516
0 416 0.010250329971313477
0 417 0.009849786758422852
0 418 0.009256124496459961
0 419 0.009683609008789062
0 420 0.009032726287841797
0 421 0.009531974792480469
0 422 0.009709596633911133
0 423 0.009226322174072266
0 424 0.009185314178466797
0 425 0.009692907333374023
0 426 0.009445905685424805
0 427 0.009755611419677734
0 428 0.009680032730102539
0 429 0.009297847747802734
0 430 0.009665250778198242
0 431 0.009451150894165039
0 432 0.009925603866577148
0 433 0.010293245315551758
0 434 0.009701728820800781
0 435 0.009975194931030273
0 436 0.009733915328979492
0 437 0.00959634780883789
0 438 0.009738683700561523
0 439 0.00942230224609375
0 440 0.009729623794555664
0 441 0.009374141693115234
0 442 0.009197711944580078
0 443 0.009748458862304688
0 444 0.009254693984985352
0 445 0.009309053421020508
0 446 0.009875774383544922
0 447 0.009286880493164062
0 448 0.009885549545288086
0 449 0.009456157684326172
0 450 0.009990453720092773
0 451 0.010051250457763672
0 452 0.009370565414428711
0 453 0.00930166244506836
0 454 0.009320735931396484
0 455 0.009271383285522461
0 456 0.009699344635009766
0 457 0.009068727493286133
0 458 0.00917816162109375
0 459 0.009709835052490234
0 460 0.009104728698730469
0 461 0.010075569152832031
0 462 0.009339332580566406
0 463 0.009224891662597656
0 464 0.00995326042175293
0 465 0.009453058242797852
0 466 0.009752035140991211
0 467 0.009883642196655273
0 468 0.009739160537719727
0 469 0.009749889373779297
0 470 0.00922703742980957
0 471 0.008910179138183594
0 472 0.009356021881103516
0 473 0.00952005386352539
0 474 0.009545087814331055
0 475 0.009427309036254883
0 476 0.009819269180297852
0 477 0.009749889373779297
0 478 0.009600400924682617
0 479 0.009396076202392578
0 480 0.009905576705932617
0 481 0.009447574615478516
0 482 0.009648323059082031
0 483 0.009243965148925781
0 484 0.009455442428588867
0 485 0.009675979614257812
0 486 0.009683847427368164
0 487 0.0091552734375
0 488 0.01052546501159668
0 489 0.00989222526550293
0 490 0.00996851921081543
0 491 0.00941777229309082
0 492 0.009387969970703125
0 493 0.009857177734375
0 494 0.008981943130493164
0 495 0.00956416130065918
0 496 0.009552955627441406
0 497 0.009588241577148438
0 498 0.009660959243774414
0 499 0.009273052215576172
0 500 0.009193658828735352
0 501 0.010428190231323242
0 502 0.009689569473266602
0 503 0.009280920028686523
0 504 0.009554862976074219
0 505 0.009499073028564453
0 506 0.010358333587646484
0 507 0.009064674377441406
0 508 0.009254693984985352
0 509 0.009736061096191406
0 510 0.009341001510620117
0 511 0.009149789810180664
0 512 0.009483814239501953
0 513 0.009315967559814453
0 514 0.009725570678710938
0 515 0.009197473526000977
0 516 0.00966334342956543
0 517 0.009798765182495117
0 518 0.009174346923828125
0 519 0.009788990020751953
0 520 0.009790897369384766
0 521 0.009615898132324219
0 522 0.009712457656860352
0 523 0.009061574935913086
0 524 0.009374380111694336
0 525 0.009656906127929688
0 526 0.009502887725830078
0 527 0.009693384170532227
0 528 0.009419679641723633
0 529 0.009480953216552734
0 530 0.00984334945678711
0 531 0.009917020797729492
0 532 0.010391712188720703
0 533 0.009668111801147461
0 534 0.010288715362548828
0 535 0.010869979858398438
0 536 0.009534120559692383
0 537 0.009485721588134766
0 538 0.009773969650268555
0 539 0.009390592575073242
0 540 0.009771108627319336
0 541 0.010581254959106445
0 542 0.009505033493041992
0 543 0.010138988494873047
0 544 0.009784936904907227
0 545 0.010104179382324219
0 546 0.010339021682739258
0 547 0.009795427322387695
0 548 0.009854555130004883
0 549 0.009301900863647461
0 550 0.009407997131347656
0 551 0.009781599044799805
0 552 0.009739160537719727
0 553 0.009784698486328125
0 554 0.009786844253540039
0 555 0.009307861328125
0 556 0.009728431701660156
0 557 0.009106159210205078
0 558 0.00925898551940918
0 559 0.009535551071166992
0 560 0.009282588958740234
0 561 0.00960993766784668
0 562 0.009791374206542969
0 563 0.009505033493041992
0 564 0.009607553482055664
0 565 0.009746074676513672
0 566 0.009150028228759766
0 567 0.009858131408691406
0 568 0.009250879287719727
0 569 0.010009050369262695
0 570 0.009723663330078125
0 571 0.009533166885375977
0 572 0.009966135025024414
0 573 0.009554147720336914
0 574 0.009418010711669922
0 575 0.009632110595703125
0 576 0.009211301803588867
0 577 0.01010894775390625
0 578 0.00920414924621582
0 579 0.009516239166259766
0 580 0.009860038757324219
0 581 0.009622812271118164
0 582 0.009344100952148438
0 583 0.009821653366088867
0 584 0.009527206420898438
0 585 0.009695768356323242
0 586 0.009626626968383789
0 587 0.009573698043823242
0 588 0.009850263595581055
0 589 0.009537696838378906
0 590 0.009569406509399414
0 591 0.009793996810913086
0 592 0.00947117805480957
0 593 0.009913921356201172
0 594 0.01088714599609375
0 595 0.00954580307006836
0 596 0.009774208068847656
0 597 0.009401082992553711
0 598 0.009488344192504883
