0 0 0.04893851280212402
0 1 0.016529321670532227
0 2 0.010376214981079102
0 3 0.010387897491455078
0 4 0.010337114334106445
0 5 0.010233879089355469
0 6 0.010320901870727539
0 7 0.010421991348266602
0 8 0.010539531707763672
0 9 0.010148048400878906
0 10 0.010572195053100586
0 11 0.010347127914428711
0 12 0.009483098983764648
0 13 0.009599447250366211
0 14 0.009717464447021484
0 15 0.009300470352172852
0 16 0.009882450103759766
0 17 0.011567354202270508
0 18 0.010504484176635742
0 19 0.010317802429199219
0 20 0.010425567626953125
0 21 0.010419607162475586
0 22 0.010259389877319336
0 23 0.010514497756958008
0 24 0.010560989379882812
0 25 0.010735273361206055
0 26 0.010555505752563477
0 27 0.010669708251953125
0 28 0.010698318481445312
0 29 0.01058816909790039
0 30 0.010730743408203125
0 31 0.010708808898925781
0 32 0.010552406311035156
0 33 0.01030421257019043
0 34 0.010291337966918945
0 35 0.010964393615722656
0 36 0.010333776473999023
0 37 0.010457277297973633
0 38 0.009505033493041992
0 39 0.009676933288574219
0 40 0.009742021560668945
0 41 0.009823799133300781
0 42 0.00991058349609375
0 43 0.009930133819580078
0 44 0.009724140167236328
0 45 0.01046299934387207
0 46 0.009512901306152344
0 47 0.009470701217651367
0 48 0.009891748428344727
0 49 0.009475231170654297
0 50 0.009810209274291992
0 51 0.009917020797729492
0 52 0.009737968444824219
0 53 0.009964466094970703
0 54 0.00974583625793457
0 55 0.010037660598754883
0 56 0.009894371032714844
0 57 0.009933233261108398
0 58 0.009956598281860352
0 59 0.009258508682250977
0 60 0.010609865188598633
0 61 0.010179996490478516
0 62 0.010233640670776367
0 63 0.009774446487426758
0 64 0.009304285049438477
0 65 0.009743690490722656
0 66 0.009816646575927734
0 67 0.009824275970458984
0 68 0.00959014892578125
0 69 0.009908199310302734
0 70 0.009662389755249023
0 71 0.009734630584716797
0 72 0.009727716445922852
0 73 0.00987100601196289
0 74 0.009808778762817383
0 75 0.009768009185791016
0 76 0.009795904159545898
0 77 0.009939908981323242
0 78 0.009822607040405273
0 79 0.01002359390258789
0 80 0.009909629821777344
0 81 0.00987696647644043
0 82 0.009898900985717773
0 83 0.010500431060791016
0 84 0.00998234748840332
0 85 0.009821414947509766
0 86 0.00971078872680664
0 87 0.01065826416015625
0 88 0.009817123413085938
0 89 0.00968027114868164
0 90 0.010596752166748047
0 91 0.009748697280883789
0 92 0.009750843048095703
0 93 0.009943723678588867
0 94 0.01006317138671875
0 95 0.009813547134399414
0 96 0.010010957717895508
0 97 0.009716272354125977
0 98 0.009769439697265625
0 99 0.009770870208740234
0 100 0.009955167770385742
0 101 0.009998321533203125
0 102 0.010061502456665039
0 103 0.010181188583374023
0 104 0.010256528854370117
0 105 0.009883880615234375
0 106 0.009767770767211914
0 107 0.009512186050415039
0 108 0.010274171829223633
0 109 0.009617328643798828
0 110 0.009480476379394531
0 111 0.00991678237915039
0 112 0.010049581527709961
0 113 0.010434627532958984
0 114 0.009899377822875977
0 115 0.009578704833984375
0 116 0.010099172592163086
0 117 0.009308338165283203
0 118 0.009617328643798828
0 119 0.01043844223022461
0 120 0.009724617004394531
0 121 0.010334491729736328
0 122 0.009532690048217773
0 123 0.009885787963867188
0 124 0.009800195693969727
0 125 0.010445117950439453
0 126 0.009777307510375977
0 127 0.009799480438232422
0 128 0.009410619735717773
0 129 0.010026693344116211
0 130 0.009894609451293945
0 131 0.009925365447998047
0 132 0.009883880615234375
0 133 0.009580850601196289
0 134 0.010056495666503906
0 135 0.010083198547363281
0 136 0.009484052658081055
0 137 0.009773731231689453
0 138 0.009579658508300781
0 139 0.009975910186767578
0 140 0.010479927062988281
0 141 0.009756803512573242
0 142 0.00982522964477539
0 143 0.010123014450073242
0 144 0.009665966033935547
0 145 0.009929180145263672
0 146 0.009715557098388672
0 147 0.009732723236083984
0 148 0.009941339492797852
0 149 0.010073184967041016
0 150 0.009841680526733398
0 151 0.009833097457885742
0 152 0.009706497192382812
0 153 0.01014566421508789
0 154 0.010174989700317383
0 155 0.010533809661865234
0 156 0.01060175895690918
0 157 0.009879350662231445
0 158 0.00986933708190918
0 159 0.010460376739501953
0 160 0.009500980377197266
0 161 0.009820222854614258
0 162 0.009860992431640625
0 163 0.009752750396728516
0 164 0.009680986404418945
0 165 0.009474039077758789
0 166 0.009862899780273438
0 167 0.009211301803588867
0 168 0.010349035263061523
0 169 0.010117530822753906
0 170 0.01040029525756836
0 171 0.009764432907104492
0 172 0.010828971862792969
0 173 0.009688615798950195
0 174 0.010040044784545898
0 175 0.01008915901184082
0 176 0.009525537490844727
0 177 0.009920835494995117
0 178 0.01043081283569336
0 179 0.00994563102722168
0 180 0.009812116622924805
0 181 0.009768962860107422
0 182 0.010102510452270508
0 183 0.009986400604248047
0 184 0.00966024398803711
0 185 0.010682821273803711
0 186 0.010092735290527344
0 187 0.00993037223815918
0 188 0.010229825973510742
0 189 0.00999760627746582
0 190 0.010021209716796875
0 191 0.009656906127929688
0 192 0.009845733642578125
0 193 0.01009988784790039
0 194 0.009549379348754883
0 195 0.010034561157226562
0 196 0.009458780288696289
0 197 0.009481191635131836
0 198 0.010064125061035156
0 199 0.009874820709228516
0 200 0.009901046752929688
0 201 0.01016545295715332
0 202 0.009664773941040039
0 203 0.00998997688293457
0 204 0.010599613189697266
0 205 0.009536504745483398
0 206 0.01015782356262207
0 207 0.010442256927490234
0 208 0.009791851043701172
0 209 0.010979890823364258
0 210 0.009903430938720703
0 211 0.009839534759521484
0 212 0.009521722793579102
0 213 0.009827852249145508
0 214 0.009834766387939453
0 215 0.009490966796875
0 216 0.009847402572631836
0 217 0.009670734405517578
0 218 0.009860038757324219
0 219 0.010051727294921875
0 220 0.009866714477539062
0 221 0.00989532470703125
0 222 0.010814428329467773
0 223 0.0095672607421875
0 224 0.010610580444335938
0 225 0.009807825088500977
0 226 0.009943723678588867
0 227 0.01018381118774414
0 228 0.00987863540649414
0 229 0.009794950485229492
0 230 0.009986639022827148
0 231 0.009549617767333984
0 232 0.0107574462890625
0 233 0.009502649307250977
0 234 0.010250329971313477
0 235 0.010100603103637695
0 236 0.010156631469726562
0 237 0.009935379028320312
0 238 0.00999760627746582
0 239 0.009802579879760742
0 240 0.010060310363769531
0 241 0.009956121444702148
0 242 0.009498119354248047
0 243 0.009895801544189453
0 244 0.009463787078857422
0 245 0.00992894172668457
0 246 0.009286880493164062
0 247 0.009427547454833984
0 248 0.0099334716796875
0 249 0.009433269500732422
0 250 0.00945901870727539
0 251 0.009931325912475586
0 252 0.009799957275390625
0 253 0.009939908981323242
0 254 0.009669065475463867
0 255 0.009747982025146484
0 256 0.009894132614135742
0 257 0.010200977325439453
0 258 0.010396957397460938
0 259 0.009932756423950195
0 260 0.010035514831542969
0 261 0.009917974472045898
0 262 0.009799003601074219
0 263 0.009753227233886719
0 264 0.009798526763916016
0 265 0.010656118392944336
0 266 0.00976705551147461
0 267 0.009702205657958984
0 268 0.009745121002197266
0 269 0.010327339172363281
0 270 0.009879827499389648
0 271 0.009475946426391602
0 272 0.009916067123413086
0 273 0.010133504867553711
0 274 0.009985208511352539
0 275 0.010215282440185547
0 276 0.009708166122436523
0 277 0.01000356674194336
0 278 0.010158061981201172
0 279 0.010103464126586914
0 280 0.010543107986450195
0 281 0.00946807861328125
0 282 0.009914159774780273
0 283 0.009224414825439453
0 284 0.010455608367919922
0 285 0.009972810745239258
0 286 0.00969839096069336
0 287 0.009659767150878906
0 288 0.009414196014404297
0 289 0.009626626968383789
0 290 0.009628057479858398
0 291 0.009650945663452148
0 292 0.009963750839233398
0 293 0.009927034378051758
0 294 0.010213613510131836
0 295 0.009526729583740234
0 296 0.009904146194458008
0 297 0.009999990463256836
0 298 0.010219573974609375
0 299 0.009334802627563477
0 300 0.47103452682495117
0 301 0.44250011444091797
0 302 0.4124274253845215
0 303 0.38549113273620605
0 304 0.35592174530029297
0 305 0.3287322521209717
0 306 0.300506591796875
0 307 0.2703373432159424
0 308 0.24159550666809082
0 309 0.21775174140930176
0 310 0.18865346908569336
0 311 0.16141152381896973
0 312 0.1338508129119873
0 313 0.10659480094909668
0 314 0.07844352722167969
0 315 0.051833391189575195
0 316 0.021010398864746094
0 317 0.011181831359863281
0 318 0.010140419006347656
0 319 0.010196924209594727
0 320 0.009424924850463867
0 321 0.009842872619628906
0 322 0.009672403335571289
0 323 0.009618043899536133
0 324 0.009488344192504883
0 325 0.009221792221069336
0 326 0.009611129760742188
0 327 0.009804248809814453
0 328 0.00978541374206543
0 329 0.009405851364135742
0 330 0.010133743286132812
0 331 0.009780645370483398
0 332 0.009851932525634766
0 333 0.009631872177124023
0 334 0.009872674942016602
0 335 0.009756088256835938
0 336 0.009256124496459961
0 337 0.009733438491821289
0 338 0.009543895721435547
0 339 0.009216547012329102
0 340 0.009763240814208984
0 341 0.009361505508422852
0 342 0.00943446159362793
0 343 0.009750127792358398
0 344 0.009493350982666016
0 345 0.009900093078613281
0 346 0.010162353515625
0 347 0.009939908981323242
0 348 0.00989389419555664
0 349 0.009792566299438477
0 350 0.01063084602355957
0 351 0.010692358016967773
0 352 0.00992274284362793
0 353 0.009477376937866211
0 354 0.009521722793579102
0 355 0.00972604751586914
0 356 0.010659456253051758
0 357 0.009745597839355469
0 358 0.009521484375
0 359 0.009998321533203125
0 360 0.009657144546508789
0 361 0.009804964065551758
0 362 0.009922981262207031
0 363 0.009242773056030273
0 364 0.010962963104248047
0 365 0.010023117065429688
0 366 0.009368181228637695
0 367 0.009796857833862305
0 368 0.00945901870727539
0 369 0.009755611419677734
0 370 0.009881734848022461
0 371 0.009429454803466797
0 372 0.009795665740966797
0 373 0.009741067886352539
0 374 0.010084152221679688
0 375 0.009837865829467773
0 376 0.009974002838134766
0 377 0.009809017181396484
0 378 0.009825944900512695
0 379 0.009527444839477539
0 380 0.009961843490600586
0 381 0.009955167770385742
0 382 0.009462118148803711
0 383 0.009897708892822266
0 384 0.009932518005371094
0 385 0.00986790657043457
0 386 0.010245084762573242
0 387 0.00995945930480957
0 388 0.010297775268554688
0 389 0.009393692016601562
0 390 0.009772777557373047
0 391 0.009386777877807617
0 392 0.009474039077758789
0 393 0.009829521179199219
0 394 0.009663581848144531
0 395 0.009603261947631836
0 396 0.009703636169433594
0 397 0.010015487670898438
0 398 0.009754657745361328
0 399 0.010248422622680664
0 400 0.009796857833862305
0 401 0.00980234146118164
0 402 0.01018214225769043
0 403 0.009913206100463867
0 404 0.009736299514770508
0 405 0.009739875793457031
0 406 0.009752750396728516
0 407 0.009721755981445312
0 408 0.009603500366210938
0 409 0.009757041931152344
0 410 0.009516239166259766
0 411 0.00960397720336914
0 412 0.009721517562866211
0 413 0.01067662239074707
0 414 0.009885072708129883
0 415 0.00964045524597168
0 416 0.009708881378173828
0 417 0.009672164916992188
0 418 0.010581254959106445
0 419 0.009688138961791992
0 420 0.009591341018676758
0 421 0.009839534759521484
0 422 0.009782552719116211
0 423 0.010851144790649414
0 424 0.009754657745361328
0 425 0.009576797485351562
0 426 0.00952768325805664
0 427 0.009568929672241211
0 428 0.009785175323486328
0 429 0.009505987167358398
0 430 0.009627819061279297
0 431 0.00933837890625
0 432 0.009706974029541016
0 433 0.009401559829711914
0 434 0.009451627731323242
0 435 0.010357141494750977
0 436 0.010442018508911133
0 437 0.010370016098022461
0 438 0.009779214859008789
0 439 0.009656429290771484
0 440 0.009646892547607422
0 441 0.009892940521240234
0 442 0.00957942008972168
0 443 0.009750604629516602
0 444 0.009432077407836914
0 445 0.009671926498413086
0 446 0.009746789932250977
0 447 0.009603023529052734
0 448 0.010343551635742188
0 449 0.009473323822021484
0 450 0.009930610656738281
0 451 0.009580850601196289
0 452 0.009504318237304688
0 453 0.009849786758422852
0 454 0.009829282760620117
0 455 0.009704828262329102
0 456 0.00981760025024414
0 457 0.009316682815551758
0 458 0.009237527847290039
0 459 0.009700536727905273
0 460 0.009574174880981445
0 461 0.009607791900634766
0 462 0.00919342041015625
0 463 0.009521484375
0 464 0.010459423065185547
0 465 0.010051965713500977
0 466 0.009538650512695312
0 467 0.010561704635620117
0 468 0.010156631469726562
0 469 0.009597063064575195
0 470 0.009513139724731445
0 471 0.009201288223266602
0 472 0.009771585464477539
0 473 0.009141683578491211
0 474 0.00933074951171875
0 475 0.009671926498413086
0 476 0.009468793869018555
0 477 0.00976419448852539
0 478 0.009256601333618164
0 479 0.009604454040527344
0 480 0.010390758514404297
0 481 0.008970499038696289
0 482 0.009632349014282227
0 483 0.009857416152954102
0 484 0.009344339370727539
0 485 0.009722232818603516
0 486 0.009471893310546875
0 487 0.009396553039550781
0 488 0.009640693664550781
0 489 0.009424209594726562
0 490 0.009716510772705078
0 491 0.009118318557739258
0 492 0.009298324584960938
0 493 0.00973200798034668
0 494 0.009457826614379883
0 495 0.009349584579467773
0 496 0.009474039077758789
0 497 0.00953054428100586
0 498 0.009774208068847656
0 499 0.009090662002563477
0 500 0.009511232376098633
0 501 0.010225534439086914
0 502 0.00930476188659668
0 503 0.009764671325683594
0 504 0.009672164916992188
0 505 0.009263992309570312
0 506 0.009662628173828125
0 507 0.009232521057128906
0 508 0.009417295455932617
0 509 0.00988149642944336
0 510 0.009500265121459961
0 511 0.009456157684326172
0 512 0.009976387023925781
0 513 0.00906682014465332
0 514 0.012080669403076172
0 515 0.009552478790283203
0 516 0.009243965148925781
0 517 0.009548187255859375
0 518 0.009402275085449219
0 519 0.009604215621948242
0 520 0.009261608123779297
0 521 0.009290933609008789
0 522 0.00958395004272461
0 523 0.009219169616699219
0 524 0.009230852127075195
0 525 0.009554624557495117
0 526 0.009099483489990234
0 527 0.009429931640625
0 528 0.009027957916259766
0 529 0.00932765007019043
0 530 0.00967264175415039
0 531 0.009501457214355469
0 532 0.00919961929321289
0 533 0.009694099426269531
0 534 0.009739398956298828
0 535 0.00980377197265625
0 536 0.010022878646850586
0 537 0.010737180709838867
0 538 0.009688138961791992
0 539 0.009542703628540039
0 540 0.009790182113647461
0 541 0.011391162872314453
0 542 0.009239435195922852
0 543 0.009815692901611328
0 544 0.009216070175170898
0 545 0.009267330169677734
0 546 0.010066747665405273
0 547 0.009438276290893555
0 548 0.009566068649291992
0 549 0.009304046630859375
0 550 0.009569644927978516
0 551 0.009600400924682617
0 552 0.009528160095214844
0 553 0.009286880493164062
0 554 0.009564638137817383
0 555 0.008922100067138672
0 556 0.009812593460083008
0 557 0.010135412216186523
0 558 0.009750604629516602
0 559 0.00965738296508789
0 560 0.009613037109375
0 561 0.009412527084350586
0 562 0.009623289108276367
0 563 0.00943899154663086
0 564 0.00939178466796875
0 565 0.009147405624389648
0 566 0.009414911270141602
0 567 0.009592533111572266
0 568 0.009454727172851562
0 569 0.010421514511108398
0 570 0.01074671745300293
0 571 0.00996255874633789
0 572 0.009874105453491211
0 573 0.01051640510559082
0 574 0.009748458862304688
0 575 0.010232925415039062
0 576 0.010022640228271484
0 577 0.010146379470825195
0 578 0.010032176971435547
0 579 0.009716987609863281
0 580 0.009595394134521484
0 581 0.010109901428222656
0 582 0.009917736053466797
0 583 0.010340690612792969
0 584 0.008973121643066406
0 585 0.009651660919189453
0 586 0.009588479995727539
0 587 0.009763717651367188
0 588 0.009626150131225586
0 589 0.009862899780273438
0 590 0.009697914123535156
0 591 0.010506391525268555
0 592 0.009673595428466797
0 593 0.009903907775878906
0 594 0.009899139404296875
0 595 0.010000944137573242
0 596 0.009930610656738281
0 597 0.010263919830322266
0 598 0.010436058044433594
